1.200000000000000000e+01 2.000000000000000000e+00 3.750000000000000000e+02 -2.512640000000000100e+02 6.351948799999999756e+04 3.858903039999931934e+02 -1.311146666666666647e+02 1.311146666666666647e+02 1.729772799999999916e+04 1.066721848888882960e+02 -2.512640000000000100e+02 5.000000000000000278e-02
1.200000000000000000e+01 2.049999999999999822e+00 3.750000000000000000e+02 -2.473600000000000136e+02 6.165751466666666965e+04 4.705450666666656616e+02 1.291999999999999886e+02 1.291999999999999886e+02 1.688434133333333375e+04 1.917013333333379990e+02 3.903999999999996806e+00 5.000000000000000278e-02
1.200000000000000000e+01 2.100000000000000089e+00 3.750000000000000000e+02 -2.390080000000000098e+02 5.767556266666666488e+04 5.507386026666572434e+02 1.257866666666666617e+02 1.257866666666666617e+02 1.599286399999999958e+04 1.705784888888902060e+02 8.352000000000005642e+00 5.000000000000000278e-02
1.200000000000000000e+01 2.149999999999999911e+00 3.750000000000000000e+02 -2.329386666666666770e+02 5.489134933333332447e+04 6.309269048888817224e+02 1.218559999999999945e+02 1.218559999999999945e+02 1.513000533333333260e+04 2.811205973333344446e+02 6.069333333333332803e+00 5.000000000000000278e-02
1.200000000000000000e+01 2.200000000000000178e+00 3.750000000000000000e+02 -2.275626666666666722e+02 5.242717866666666669e+04 6.424114062222215580e+02 1.196640000000000015e+02 1.196640000000000015e+02 1.460378666666666868e+04 2.843137706666657323e+02 5.376000000000004775e+00 5.000000000000000278e-02
1.200000000000000000e+01 2.250000000000000000e+00 3.750000000000000000e+02 -2.142506666666666320e+02 4.686993066666666709e+04 9.665824995555593659e+02 -7.195733333333333803e+01 1.079786666666666832e+02 1.244831999999999971e+04 7.270462179555554940e+03 1.331200000000001182e+01 5.000000000000000278e-02
1.200000000000000000e+01 2.299999999999999822e+00 3.750000000000000000e+02 -2.038079999999999927e+02 4.271142399999999907e+04 1.173723136000000295e+03 1.562666666666666870e+01 9.985066666666666890e+01 1.103302399999999943e+04 1.078883128888888859e+04 1.044266666666666765e+01 5.000000000000000278e-02
1.200000000000000000e+01 2.350000000000000089e+00 3.750000000000000000e+02 -1.970240000000000009e+02 4.007163733333332493e+04 1.253180757333335350e+03 3.132799999999999940e+01 9.739733333333330734e+01 1.047874133333333157e+04 9.497297749333331012e+03 6.783999999999991815e+00 5.000000000000000278e-02
1.200000000000000000e+01 2.399999999999999911e+00 3.750000000000000000e+02 -1.872640000000000100e+02 3.617467733333332581e+04 1.106871637333330000e+03 -1.088000000000000078e+00 8.875733333333332098e+01 8.975701333333330695e+03 8.974517589333330761e+03 9.759999999999992681e+00 5.000000000000000278e-02
1.200000000000000000e+01 2.450000000000000178e+00 3.750000000000000000e+02 -1.749546666666666681e+02 3.170286933333332854e+04 1.093733944888888800e+03 -3.621866666666665679e+01 7.957866666666664912e+01 7.530933333333332484e+03 6.219141518222223567e+03 1.230933333333334190e+01 5.000000000000000278e-02
1.200000000000000000e+01 2.500000000000000000e+00 3.750000000000000000e+02 -1.642666666666666799e+02 2.797047466666666514e+04 9.869368888888820948e+02 8.581333333333333258e+00 6.638400000000000034e+01 5.679477333333332354e+03 5.605838051555556376e+03 1.068799999999998818e+01 5.000000000000000278e-02


2.400000000000000000e+01 2.000000000000000000e+00 3.750000000000000000e+02 -1.004202666666666801e+03 1.010047146666666609e+06 1.624150926222093403e+03 -5.240320000000000391e+02 5.240320000000000391e+02 2.751834666666666744e+05 5.739296426666551270e+02 -8.399360000000000355e+02 5.000000000000000278e-02
2.400000000000000000e+01 2.049999999999999822e+00 3.750000000000000000e+02 -9.813866666666665424e+02 9.653434453333331039e+05 2.223655822222237020e+03 -5.133279999999999745e+02 5.133279999999999745e+02 2.642192106666666805e+05 7.135750826667062938e+02 2.281600000000003092e+01 5.000000000000000278e-02
2.400000000000000000e+01 2.100000000000000089e+00 3.750000000000000000e+02 -9.581866666666666106e+02 9.202883413333332865e+05 2.166653155555599824e+03 -5.016639999999999873e+02 5.016639999999999873e+02 2.524871466666666674e+05 8.203777706666733138e+02 2.320000000000004547e+01 5.000000000000000278e-02
2.400000000000000000e+01 2.149999999999999911e+00 3.750000000000000000e+02 -9.202559999999999718e+02 8.498077013333333889e+05 2.936595797333400697e+03 -4.701013333333332866e+02 4.701013333333332866e+02 2.246170666666666802e+05 3.621803064888896188e+03 3.793066666666663878e+01 5.000000000000000278e-02
2.400000000000000000e+01 2.200000000000000178e+00 3.750000000000000000e+02 -8.973226666666666915e+02 8.093207893333334941e+05 4.132821219555567950e+03 -4.557173333333332721e+02 4.565706666666666251e+02 2.137110933333332941e+05 6.032805432888882024e+03 2.293333333333328028e+01 5.000000000000000278e-02
2.400000000000000000e+01 2.250000000000000000e+00 3.750000000000000000e+02 -8.573973333333333358e+02 7.391417600000000093e+05 4.011572792888851836e+03 -4.259786666666665838e+02 4.259786666666665838e+02 1.862765973333333095e+05 4.818772878222254803e+03 3.992533333333336287e+01 5.000000000000000278e-02
2.400000000000000000e+01 2.299999999999999822e+00 3.750000000000000000e+02 -7.909546666666665260e+02 6.300174506666666130e+05 4.408165944888839476e+03 -3.473546666666666738e+02 3.476960000000000264e+02 1.318208106666666572e+05 1.116554621155554196e+04 6.644266666666669607e+01 5.000000000000000278e-02
2.400000000000000000e+01 2.350000000000000089e+00 3.750000000000000000e+02 -7.474560000000000173e+02 5.647957333333332790e+05 6.105261397333233617e+03 -9.289600000000000080e+01 2.794986666666666792e+02 9.720494933333330846e+04 8.857528251733334037e+04 4.349866666666662240e+01 5.000000000000000278e-02
2.400000000000000000e+01 2.399999999999999911e+00 3.750000000000000000e+02 -6.951680000000000064e+02 4.878053546666666516e+05 4.546806442666624207e+03 4.748799999999999955e+01 2.079466666666666299e+02 5.787274666666666599e+04 5.561763652266666759e+04 5.228800000000001091e+01 5.000000000000000278e-02
2.400000000000000000e+01 2.450000000000000178e+00 3.750000000000000000e+02 -6.642986666666666906e+02 4.449658879999999772e+05 3.673169464888807852e+03 -6.149333333333333762e+00 1.736586666666666758e+02 4.234915200000000186e+04 4.231133769955555908e+04 3.086933333333331930e+01 5.000000000000000278e-02
2.400000000000000000e+01 2.500000000000000000e+00 3.750000000000000000e+02 -6.435733333333333803e+02 4.175049813333333586e+05 3.318345955555501405e+03 2.946133333333332871e+01 1.600320000000000107e+02 3.604036266666666052e+04 3.517239250488888501e+04 2.072533333333331029e+01 5.000000000000000278e-02


3.600000000000000000e+01 2.000000000000000000e+00 3.750000000000000000e+02 -2.263210666666666839e+03 5.125917013333333656e+06 3.794491619555280067e+03 -1.180885333333333392e+03 1.180885333333333392e+03 1.395634197333333315e+06 1.144026851555332314e+03 -1.619637333333333572e+03 5.000000000000000278e-02
3.600000000000000000e+01 2.049999999999999822e+00 3.750000000000000000e+02 -2.207594666666666853e+03 4.878074026666665450e+06 4.599814371554180980e+03 -1.155413333333333412e+03 1.155413333333333412e+03 1.336352746666666586e+06 1.372775822221999988e+03 5.561599999999999255e+01 5.000000000000000278e-02
3.600000000000000000e+01 2.100000000000000089e+00 3.750000000000000000e+02 -2.152672000000000025e+03 4.639765376000000164e+06 5.768636416000313147e+03 -1.124624000000000024e+03 1.124624000000000024e+03 1.267491573333333246e+06 2.712431957333115861e+03 5.492266666666682084e+01 5.000000000000000278e-02
3.600000000000000000e+01 2.149999999999999911e+00 3.750000000000000000e+02 -2.079925333333332674e+03 4.332428928000000305e+06 6.339535758223384619e+03 -1.078869333333333088e+03 1.078869333333333088e+03 1.168735424000000115e+06 4.776385592889040709e+03 7.274666666666689707e+01 5.000000000000000278e-02
3.600000000000000000e+01 2.200000000000000178e+00 3.750000000000000000e+02 -2.008245333333333292e+03 4.041139072000000160e+06 8.089753144889137729e+03 1.030165333333333365e+03 1.030165333333333365e+03 1.069571370666666888e+06 8.330756664888700470e+03 7.167999999999983629e+01 5.000000000000000278e-02
3.600000000000000000e+01 2.250000000000000000e+00 3.750000000000000000e+02 -1.893269333333333179e+03 3.596584021333332639e+06 1.211525279288831916e+04 -8.824906666666666979e+02 8.824906666666666979e+02 8.173195200000000186e+05 3.852974324622215499e+04 1.149759999999998854e+02 5.000000000000000278e-02
3.600000000000000000e+01 2.299999999999999822e+00 3.750000000000000000e+02 -1.771786666666666633e+03 3.151202175999999978e+06 1.197418382222251967e+04 3.098079999999999927e+02 7.212746666666666897e+02 5.730758079999999609e+05 4.770948111359999748e+05 1.214826666666667592e+02 5.000000000000000278e-02
3.600000000000000000e+01 2.350000000000000089e+00 3.750000000000000000e+02 -1.665717333333333272e+03 2.788809258666666690e+06 1.419502409955579787e+04 -2.898613333333333344e+02 5.338826666666665233e+02 3.547293119999999763e+05 2.707097194382221787e+05 1.060693333333333612e+02 5.000000000000000278e-02
3.600000000000000000e+01 2.399999999999999911e+00 3.750000000000000000e+02 -1.564672000000000025e+03 2.455921322666666470e+06 7.722855082666500493e+03 1.027893333333333175e+02 3.463733333333333348e+02 1.670412053333333461e+05 1.564755582862222218e+05 1.010453333333332466e+02 5.000000000000000278e-02
3.600000000000000000e+01 2.450000000000000178e+00 3.750000000000000000e+02 -1.495039999999999964e+03 2.243942997333333362e+06 8.798395733333658427e+03 -5.899199999999999733e+01 2.875786666666666633e+02 1.230119786666666623e+05 1.195319226026666583e+05 6.963200000000006185e+01 5.000000000000000278e-02
3.600000000000000000e+01 2.500000000000000000e+00 3.750000000000000000e+02 -1.433002666666666755e+03 2.060228522666666890e+06 6.731879992888541892e+03 -1.992000000000000171e+01 2.212426666666666790e+02 7.276843733333333512e+04 7.237163093333333381e+04 6.203733333333320843e+01 5.000000000000000278e-02


4.800000000000000000e+01 2.000000000000000000e+00 3.750000000000000000e+02 -4.030527999999999793e+03 1.625182549333333410e+07 6.669534549335017800e+03 -2.104976000000000113e+03 2.104976000000000113e+03 4.432788768000000156e+06 1.864807423999532830e+03 -2.597525333333332583e+03 5.000000000000000278e-02
4.800000000000000000e+01 2.049999999999999822e+00 3.750000000000000000e+02 -3.901514666666666471e+03 1.523895556266666576e+07 1.713886845155619085e+04 1.916298666666666350e+03 1.920736000000000104e+03 3.877109610666666180e+06 2.049090307982224040e+05 1.290133333333333212e+02 5.000000000000000278e-02
4.800000000000000000e+01 2.100000000000000089e+00 3.750000000000000000e+02 -3.810367999999999938e+03 1.453492445866666734e+07 1.602016324266791162e+04 1.907125333333333174e+03 1.907125333333333174e+03 3.757478634666666389e+06 1.203515976248886436e+05 9.114666666666653327e+01 5.000000000000000278e-02
4.800000000000000000e+01 2.149999999999999911e+00 3.750000000000000000e+02 -3.700874666666666599e+03 1.370814297599999979e+07 1.166967762488871813e+04 1.920655999999999949e+03 1.920655999999999949e+03 3.697226933333332650e+06 8.307462997333144813e+03 1.094933333333333394e+02 5.000000000000000278e-02
4.800000000000000000e+01 2.200000000000000178e+00 3.750000000000000000e+02 -3.543861333333333278e+03 1.257949085866666585e+07 2.053770877155475682e+04 -1.659253333333333103e+03 1.670858666666666750e+03 3.013369194666666444e+06 2.602475704888887994e+05 1.570133333333333212e+02 5.000000000000000278e-02
4.800000000000000000e+01 2.250000000000000000e+00 3.750000000000000000e+02 -3.392138666666666722e+03 1.152840042666666582e+07 2.179569277155399686e+04 1.622698666666666895e+03 1.622698666666666895e+03 2.713884757333332673e+06 8.073379453155538067e+04 1.517226666666665551e+02 5.000000000000000278e-02
4.800000000000000000e+01 2.299999999999999822e+00 3.750000000000000000e+02 -3.128138666666666722e+03 9.812489087999999523e+06 2.723757010488770902e+04 -8.796106666666667024e+02 1.131344000000000051e+03 1.532049333333333256e+06 7.583344084195554024e+05 2.640000000000000000e+02 5.000000000000000278e-02
4.800000000000000000e+01 2.350000000000000089e+00 3.750000000000000000e+02 -2.908063999999999851e+03 8.476199039999999106e+06 1.936281190400011837e+04 -3.395840000000000032e+02 6.135786666666666633e+02 5.592455466666665161e+05 4.439282536106665502e+05 2.200746666666668716e+02 5.000000000000000278e-02
4.800000000000000000e+01 2.399999999999999911e+00 3.750000000000000000e+02 -2.776629333333333307e+03 7.725757141333333217e+06 1.608668660622183233e+04 2.396799999999999997e+01 5.240960000000000036e+02 4.105099519999999902e+05 4.099354869760000147e+05 1.314346666666665442e+02 5.000000000000000278e-02
4.800000000000000000e+01 2.450000000000000178e+00 3.750000000000000000e+02 -2.652810666666666748e+03 7.049728725333333015e+06 1.232429215288814157e+04 -2.264319999999999879e+02 3.940160000000000196e+02 2.263135786666666681e+05 1.750421280426666781e+05 1.238186666666665587e+02 5.000000000000000278e-02
4.800000000000000000e+01 2.500000000000000000e+00 3.750000000000000000e+02 -2.552053333333333285e+03 6.524506666666666977e+06 1.153045048888958991e+04 1.184533333333333260e+01 3.247733333333332553e+02 1.615552106666666805e+05 1.614148987448888656e+05 1.007573333333334631e+02 5.000000000000000278e-02


6.000000000000000000e+01 2.000000000000000000e+00 3.750000000000000000e+02 -6.282847999999999956e+03 3.948413060266666114e+07 9.951611562669277191e+03 -3.282586666666666588e+03 3.282586666666666588e+03 1.077791062399999984e+07 2.535399822222068906e+03 -3.730794666666666217e+03 5.000000000000000278e-02
6.000000000000000000e+01 2.049999999999999822e+00 3.750000000000000000e+02 -6.124703999999999724e+03 3.752863415466666967e+07 1.663506705067306757e+04 3.144592000000000098e+03 3.144592000000000098e+03 9.965709002666668966e+06 7.725015620266646147e+04 1.581440000000002328e+02 5.000000000000000278e-02
6.000000000000000000e+01 2.100000000000000089e+00 3.750000000000000000e+02 -5.985631999999999607e+03 3.584400960000000149e+07 1.621916057600826025e+04 -3.125285333333333256e+03 3.125285333333333256e+03 9.777779594666669145e+06 1.037117991822399199e+04 1.390720000000001164e+02 5.000000000000000278e-02
6.000000000000000000e+01 2.149999999999999911e+00 3.750000000000000000e+02 -5.797194666666665398e+03 3.362680981333333254e+07 1.934381010489165419e+04 -3.003280000000000200e+03 3.003280000000000200e+03 9.042077493333334103e+06 2.238673493333347142e+04 1.884373333333332710e+02 5.000000000000000278e-02
6.000000000000000000e+01 2.200000000000000178e+00 3.750000000000000000e+02 -5.510613333333333685e+03 3.040802141866666824e+07 4.116210915555431711e+04 -2.591749333333332743e+03 2.591749333333332743e+03 7.111483040000000037e+06 3.943184331662226468e+05 2.865813333333326227e+02 5.000000000000000278e-02
6.000000000000000000e+01 2.250000000000000000e+00 3.750000000000000000e+02 -5.228927999999999884e+03 2.737548108799999952e+07 3.379305881600081921e+04 -2.335648000000000138e+03 2.335648000000000138e+03 5.631272362666666508e+06 1.760207827626662329e+05 2.816853333333338014e+02 5.000000000000000278e-02
6.000000000000000000e+01 2.299999999999999822e+00 3.750000000000000000e+02 -4.942720000000000255e+03 2.447183692799999937e+07 4.135592959999665618e+04 -1.849594666666666399e+03 1.851834666666666408e+03 3.877736266666666605e+06 4.567358357048892067e+05 2.862079999999996289e+02 5.000000000000000278e-02
6.000000000000000000e+01 2.350000000000000089e+00 3.750000000000000000e+02 -4.574368000000000393e+03 2.095258048000000045e+07 2.773788057599588865e+04 2.725439999999999827e+02 8.516266666666665515e+02 1.041259263999999966e+06 9.669790320640000282e+05 3.683519999999999186e+02 5.000000000000000278e-02
6.000000000000000000e+01 2.399999999999999911e+00 3.750000000000000000e+02 -4.340789333333333161e+03 1.886444351999999955e+07 2.199148361955583096e+04 -2.394879999999999995e+02 5.829546666666665260e+02 5.619491199999999953e+05 5.045946178560000262e+05 2.335786666666672318e+02 5.000000000000000278e-02
6.000000000000000000e+01 2.450000000000000178e+00 3.750000000000000000e+02 -4.155146666666666533e+03 1.728755357866666839e+07 2.230975715555996067e+04 -1.681759999999999877e+02 4.622133333333332530e+02 3.060792426666666870e+05 2.777960756906666793e+05 1.856426666666666279e+02 5.000000000000000278e-02
6.000000000000000000e+01 2.500000000000000000e+00 3.750000000000000000e+02 -3.983072000000000116e+03 1.588572334933333285e+07 2.086079214933142066e+04 -6.514133333333333553e+01 3.900906666666666638e+02 2.215458346666666330e+05 2.173024413582222478e+05 1.720746666666664169e+02 5.000000000000000278e-02


7.200000000000000000e+01 2.000000000000000000e+00 3.750000000000000000e+02 -8.798879999999999200e+03 7.750359948800000548e+07 8.331023360002042318e+04 -3.071162666666666610e+03 3.071162666666666610e+03 1.240286808533333242e+07 2.970827960206221789e+06 -4.815807999999999083e+03 5.000000000000000278e-02
7.200000000000000000e+01 2.049999999999999822e+00 3.750000000000000000e+02 -8.783061333333333096e+03 7.718930201600000262e+07 4.713563090489804745e+04 4.316986666666666679e+03 4.316986666666666679e+03 1.941008758399999887e+07 7.737137038222216070e+05 1.581866666666610399e+01 5.000000000000000278e-02
7.200000000000000000e+01 2.100000000000000089e+00 3.750000000000000000e+02 -8.591317333333330680e+03 7.383327667200000584e+07 2.254314996623992920e+04 -4.465029333333332943e+03 4.465029333333332943e+03 1.997540075733333081e+07 3.891380980622767675e+04 1.917440000000005966e+02 5.000000000000000278e-02
7.200000000000000000e+01 2.149999999999999911e+00 3.750000000000000000e+02 -8.297781333333330622e+03 6.890689215999999642e+07 5.371710418489576114e+04 -4.111418666666666468e+03 4.111418666666666468e+03 1.733196816000000015e+07 4.282047073848918662e+05 2.935360000000000582e+02 5.000000000000000278e-02
7.200000000000000000e+01 2.200000000000000178e+00 3.750000000000000000e+02 -7.948341333333334660e+03 6.322534438400000334e+07 4.921443282488733530e+04 3.731391999999999825e+03 3.731391999999999825e+03 1.439266222933333367e+07 4.693759716693348601e+05 3.494399999999986903e+02 5.000000000000000278e-02
7.200000000000000000e+01 2.250000000000000000e+00 3.750000000000000000e+02 -7.598325333333333219e+03 5.778470438400000334e+07 5.015651282489299774e+04 -3.546864000000000033e+03 3.546864000000000033e+03 1.292148466133333370e+07 3.412404268373325467e+05 3.500160000000005311e+02 5.000000000000000278e-02
7.200000000000000000e+01 2.299999999999999822e+00 3.750000000000000000e+02 -6.909077333333333627e+03 4.777607236266666651e+07 4.072276468621939421e+04 -2.816426666666666847e+02 1.205269333333333407e+03 2.062832895999999950e+06 1.983510304312888766e+06 6.892479999999995925e+02 5.000000000000000278e-02
7.200000000000000000e+01 2.350000000000000089e+00 3.750000000000000000e+02 -6.592703999999999724e+03 4.349902412799999863e+07 3.527809638400375843e+04 -2.943360000000000127e+02 1.173130666666666912e+03 1.946344703999999911e+06 1.859711023103999905e+06 3.163733333333339033e+02 5.000000000000000278e-02
7.200000000000000000e+01 2.399999999999999911e+00 3.750000000000000000e+02 -6.216703999999999724e+03 3.867942690133332461e+07 3.201827771733700865e+04 -3.354879999999999995e+02 5.386346666666667033e+02 4.457310079999999725e+05 3.331788098560000071e+05 3.760000000000000000e+02 5.000000000000000278e-02
7.200000000000000000e+01 2.450000000000000178e+00 3.750000000000000000e+02 -5.967605333333332965e+03 3.564256516266666353e+07 3.025174823822080725e+04 1.009866666666666646e+02 4.790986666666666451e+02 3.568306240000000107e+05 3.466323171555555891e+05 2.490986666666667873e+02 5.000000000000000278e-02
7.200000000000000000e+01 2.500000000000000000e+00 3.750000000000000000e+02 -5.729269333333333634e+03 3.285350626133333147e+07 2.897916745955496663e+04 -9.785066666666666890e+01 5.143733333333333348e+02 4.158012906666665804e+05 4.062265376995555125e+05 2.383359999999993306e+02 5.000000000000000278e-02


