1.200000000000000000e+01 1.550000000000000044e+00 5.000000000000000000e+05 -2.794126239999999939e+02 7.815040972799999872e+04 7.899527743463113438e+01 1.274012800000000034e+01 1.415951120000000003e+02 2.005683139200000005e+04 1.989452053054361750e+04 0.000000000000000000e+00 5.000000000000000278e-02
1.200000000000000000e+01 1.600000000000000089e+00 5.000000000000000000e+05 -2.776980320000000120e+02 7.721261977600000682e+04 9.642279932697421430e+01 1.551406799999999997e+01 1.410734600000000114e+02 1.991165251999999964e+04 1.967096621409137151e+04 1.714591999999981908e+00 5.000000000000000278e-02
1.200000000000000000e+01 1.649999999999999911e+00 5.000000000000000000e+05 -2.756571519999999964e+02 7.610426860799999849e+04 1.174031592488900060e+02 1.263768400000000014e+01 1.404392839999999865e+02 1.973606818399999975e+04 1.957635712711614542e+04 2.040880000000016015e+00 5.000000000000000278e-02
1.200000000000000000e+01 1.699999999999999956e+00 5.000000000000000000e+05 -2.733318080000000236e+02 7.485278182400000514e+04 1.425045594511320814e+02 -4.189924000000000426e+00 1.396849880000000041e+02 1.952899994399999923e+04 1.951144448087422279e+04 2.325343999999972766e+00 5.000000000000000278e-02
1.200000000000000000e+01 1.750000000000000000e+00 5.000000000000000000e+05 -2.707162640000000238e+02 7.345817347199998039e+04 1.708778778822888853e+02 8.333804000000000656e+00 1.388187479999999994e+02 1.929291335199999958e+04 1.922346106288958254e+04 2.615543999999999869e+00 5.000000000000000278e-02
1.200000000000000000e+01 1.800000000000000044e+00 5.000000000000000000e+05 -2.677274239999999850e+02 7.188254809599999862e+04 2.045745343242306262e+02 -7.372244000000000241e+00 1.377799159999999858e+02 1.901311172000000079e+04 1.895876173840446427e+04 2.988840000000038799e+00 5.000000000000000278e-02
1.200000000000000000e+01 1.850000000000000089e+00 5.000000000000000000e+05 -2.644014319999999998e+02 7.015280771199999435e+04 2.446904683493775963e+02 -1.824336800000000025e+01 1.365791519999999934e+02 1.869358547199999884e+04 1.836076499601657633e+04 3.325991999999984738e+00 5.000000000000000278e-02
1.200000000000000000e+01 1.899999999999999911e+00 5.000000000000000000e+05 -2.605292959999999880e+02 6.816823519999999553e+04 2.927211257443850627e+02 3.524732000000000198e+00 1.350870519999999999e+02 1.830386583199999950e+04 1.829144209632817729e+04 3.872136000000011791e+00 5.000000000000000278e-02
1.200000000000000000e+01 1.949999999999999956e+00 5.000000000000000000e+05 -2.562444399999999973e+02 6.601067612800000643e+04 3.494630970864091069e+02 -2.773871999999999893e+00 1.333359839999999963e+02 1.785723094399999900e+04 1.784953657812761594e+04 4.284855999999991560e+00 5.000000000000000278e-02
1.200000000000000000e+01 2.000000000000000000e+00 5.000000000000000000e+05 -2.513087120000000141e+02 6.357598627200000192e+04 4.199175449010508601e+02 -5.433991999999999933e+00 1.311791440000000080e+02 1.732153241599999819e+04 1.729200414694393476e+04 4.935727999999983240e+00 5.000000000000000278e-02
1.200000000000000000e+01 2.004999999999999893e+00 5.000000000000000000e+05 -2.508212159999999926e+02 6.333413894399999845e+04 4.228565482813428957e+02 -9.897688000000000486e+00 1.309776479999999879e+02 1.727007699199999843e+04 1.717211276425465621e+04 0.000000000000000000e+00 5.000000000000000104e-03
1.200000000000000000e+01 2.009999999999999787e+00 5.000000000000000000e+05 -2.502684800000000109e+02 6.306550124800000049e+04 4.311891664895956637e+02 -4.453380000000000116e+00 1.307350279999999998e+02 1.721064615200000117e+04 1.719081355857560266e+04 5.527359999999815754e-01 5.000000000000000104e-03
1.200000000000000000e+01 2.015000000000000124e+00 5.000000000000000000e+05 -2.497028400000000090e+02 6.279387689600000158e+04 4.423685919343988644e+02 1.688080000000000025e+00 1.304393919999999980e+02 1.714218659199999820e+04 1.713933697791359737e+04 5.656400000000019190e-01 5.000000000000000104e-03
1.200000000000000000e+01 2.020000000000000018e+00 5.000000000000000000e+05 -2.492341519999999946e+02 6.256462569600000279e+04 4.469631728409004268e+02 5.641396000000000299e+00 1.302360999999999933e+02 1.709053005599999960e+04 1.705870470717118224e+04 4.686880000000144264e-01 5.000000000000000104e-03
1.200000000000000000e+01 2.024999999999999911e+00 5.000000000000000000e+05 -2.486604560000000106e+02 6.228976335999999719e+04 4.577409818720552721e+02 5.176292000000000115e+00 1.299364840000000072e+02 1.702120391200000086e+04 1.699440991313073755e+04 5.736959999999839965e-01 5.000000000000000104e-03
1.200000000000000000e+01 2.029999999999999805e+00 5.000000000000000000e+05 -2.481149760000000128e+02 6.202715705599999637e+04 4.661157405194172156e+02 4.113692000000000348e+00 1.296995400000000132e+02 1.696322376799999984e+04 1.694630130612913490e+04 5.454799999999977445e-01 5.000000000000000104e-03
1.200000000000000000e+01 2.035000000000000142e+00 5.000000000000000000e+05 -2.475085919999999930e+02 6.173621299200000067e+04 4.757098781775420662e+02 3.611240000000000006e-01 1.293885879999999986e+02 1.688981789600000047e+04 1.688968748545662311e+04 6.063840000000197961e-01 5.000000000000000104e-03
1.200000000000000000e+01 2.040000000000000036e+00 5.000000000000000000e+05 -2.469148160000000018e+02 6.144955552000000171e+04 4.826291596861483413e+02 -3.887712000000000057e+00 1.291161040000000071e+02 1.682428987200000120e+04 1.680917556740505825e+04 5.937759999999911997e-01 5.000000000000000104e-03
1.200000000000000000e+01 2.044999999999999929e+00 5.000000000000000000e+05 -2.463551679999999919e+02 6.118109107200000290e+04 4.902222716917822254e+02 1.386092400000000069e+01 1.288351720000000000e+02 1.675749362399999882e+04 1.656536840986622337e+04 5.596480000000099153e-01 5.000000000000000104e-03
1.200000000000000000e+01 2.049999999999999822e+00 5.000000000000000000e+05 -2.457582559999999887e+02 6.089693913600000087e+04 4.998187438384703114e+02 2.200763999999999943e+00 1.285415720000000022e+02 1.668804229599999962e+04 1.668319893381630391e+04 5.969120000000032178e-01 5.000000000000000104e-03
1.200000000000000000e+01 2.055000000000000160e+00 5.000000000000000000e+05 -2.451295519999999897e+02 6.059968864000000031e+04 5.111913762793047340e+02 5.966899999999999871e+00 1.282057880000000125e+02 1.661195242399999916e+04 1.657634852839000087e+04 0.000000000000000000e+00 5.000000000000000104e-03
1.200000000000000000e+01 2.060000000000000053e+00 5.000000000000000000e+05 -2.445456000000000074e+02 6.032027321600000141e+04 5.177227366399965831e+02 -1.319089999999999918e+01 1.279337799999999987e+02 1.654662746400000105e+04 1.637262762119000035e+04 5.839519999999821520e-01 5.000000000000000104e-03
1.200000000000000000e+01 2.064999999999999947e+00 5.000000000000000000e+05 -2.439024960000000135e+02 6.001943091200000345e+04 5.310033569699808140e+02 6.457772000000000290e+00 1.275901000000000067e+02 1.646749842400000125e+04 1.642579560479601787e+04 6.431039999999939027e-01 5.000000000000000104e-03
1.200000000000000000e+01 2.069999999999999840e+00 5.000000000000000000e+05 -2.432738559999999950e+02 5.972193331200000102e+04 5.397642988912703004e+02 1.258196000000000092e+00 1.272394039999999933e+02 1.638837560799999846e+04 1.638679255082558302e+04 6.286400000000185173e-01 5.000000000000000104e-03
1.200000000000000000e+01 2.075000000000000178e+00 5.000000000000000000e+05 -2.427513600000000054e+02 5.947415123199999653e+04 5.459284501503934735e+02 -9.395604000000000511e+00 1.269916120000000035e+02 1.632922656800000004e+04 1.624094919347518407e+04 5.224959999999896354e-01 5.000000000000000104e-03
1.200000000000000000e+01 2.080000000000000071e+00 5.000000000000000000e+05 -2.420865119999999990e+02 5.916369286399999692e+04 5.578135716738543124e+02 -3.153795999999999822e+00 1.266690200000000033e+02 1.625465655200000037e+04 1.624471012279038405e+04 6.648480000000063228e-01 5.000000000000000104e-03
1.200000000000000000e+01 2.084999999999999964e+00 5.000000000000000000e+05 -2.413856879999999876e+02 5.883703856000000087e+04 5.699881887666633702e+02 1.152471999999999941e+00 1.262677840000000060e+02 1.616375056000000041e+04 1.616242236828921523e+04 7.008240000000114378e-01 5.000000000000000104e-03
1.200000000000000000e+01 2.089999999999999858e+00 5.000000000000000000e+05 -2.407273999999999887e+02 5.852804969600000186e+04 5.783685852400084286e+02 -2.624120000000000008e+00 1.259273759999999953e+02 1.608668864000000031e+04 1.607980263422559983e+04 6.582879999999987630e-01 5.000000000000000104e-03
1.200000000000000000e+01 2.095000000000000195e+00 5.000000000000000000e+05 -2.400407840000000022e+02 5.821079583999999886e+04 5.912178566653383314e+02 1.776872000000000007e+00 1.255541999999999945e+02 1.600295572800000082e+04 1.599979845389561524e+04 6.866159999999864594e-01 5.000000000000000104e-03
1.200000000000000000e+01 2.100000000000000089e+00 5.000000000000000000e+05 -2.393951439999999877e+02 5.790936879999999655e+04 5.993338292192639756e+02 -4.436180000000000234e+00 1.251820759999999950e+02 1.591854170399999930e+04 1.589886201100760081e+04 6.456400000000144246e-01 5.000000000000000104e-03
1.200000000000000000e+01 2.104999999999999982e+00 5.000000000000000000e+05 -2.386754559999999969e+02 5.757502623999999923e+04 6.090529431920658681e+02 -2.093615999999999921e+00 1.247757040000000046e+02 1.582846233600000051e+04 1.582407910804454332e+04 0.000000000000000000e+00 5.000000000000000104e-03
1.200000000000000000e+01 2.109999999999999876e+00 5.000000000000000000e+05 -2.379767679999999928e+02 5.725510675199999969e+04 6.221646442741766805e+02 2.098736000000000157e+00 1.244060000000000059e+02 1.574499883199999931e+04 1.574059413920230327e+04 6.986880000000040836e-01 5.000000000000000104e-03
1.200000000000000000e+01 2.115000000000000213e+00 5.000000000000000000e+05 -2.372946479999999951e+02 5.694205155199999717e+04 6.333015825560942176e+02 1.600640000000000118e-01 1.240151440000000065e+02 1.565969977599999947e+04 1.565967415551590420e+04 6.821199999999976171e-01 5.000000000000000104e-03
1.200000000000000000e+01 2.120000000000000107e+00 5.000000000000000000e+05 -2.365965520000000026e+02 5.662417699200000061e+04 6.462485737112947390e+02 4.209331999999999852e+00 1.235953559999999953e+02 1.557034172000000035e+04 1.555262324411377631e+04 6.980959999999925003e-01 5.000000000000000104e-03
1.200000000000000000e+01 2.125000000000000000e+00 5.000000000000000000e+05 -2.358290240000000040e+02 5.627420736000000034e+04 6.588787992074212525e+02 -1.587676000000000087e+00 1.231580280000000016e+02 1.547369335200000023e+04 1.547117263691902372e+04 7.675279999999985447e-01 5.000000000000000104e-03
1.200000000000000000e+01 2.129999999999999893e+00 5.000000000000000000e+05 -2.351215599999999881e+02 5.595080393599999661e+04 6.686559591664045001e+02 1.131504000000000065e+00 1.227537920000000042e+02 1.538473552000000018e+04 1.538345521869798358e+04 7.074640000000157469e-01 5.000000000000000104e-03
1.200000000000000000e+01 2.134999999999999787e+00 5.000000000000000000e+05 -2.344082799999999907e+02 5.562466070400000172e+04 6.774189714416061179e+02 1.578335999999999961e+00 1.223452960000000047e+02 1.529492580799999996e+04 1.529243466347110370e+04 7.132799999999973606e-01 5.000000000000000104e-03
1.200000000000000000e+01 2.140000000000000124e+00 5.000000000000000000e+05 -2.335501759999999933e+02 5.523893484799999715e+04 6.932501383690250805e+02 -1.770224000000000020e+00 1.218412320000000051e+02 1.518731475200000023e+04 1.518418105898982321e+04 8.581039999999973134e-01 5.000000000000000104e-03
1.200000000000000000e+01 2.145000000000000018e+00 5.000000000000000000e+05 -2.328492960000000096e+02 5.492264339199999813e+04 7.038487443043777603e+02 -8.242519999999998737e-01 1.214124120000000033e+02 1.509667599200000041e+04 1.509599660064049567e+04 7.008799999999837382e-01 5.000000000000000104e-03
1.200000000000000000e+01 2.149999999999999911e+00 5.000000000000000000e+05 -2.321300080000000037e+02 5.460299388799999724e+04 7.186532739199319622e+02 3.854400000000000048e-01 1.209575040000000001e+02 1.500042547200000081e+04 1.500027690800640084e+04 7.192880000000059226e-01 5.000000000000000104e-03
1.200000000000000000e+01 2.154999999999999805e+00 5.000000000000000000e+05 -2.313789439999999900e+02 5.426320403200000146e+04 7.269883054448728217e+02 -2.686408000000000129e+00 1.205487519999999932e+02 1.490932425599999988e+04 1.490210746805753661e+04 0.000000000000000000e+00 5.000000000000000104e-03
1.200000000000000000e+01 2.160000000000000142e+00 5.000000000000000000e+05 -2.305144799999999918e+02 5.388071334400000342e+04 7.437878543296101270e+02 3.763996000000000119e+00 1.199417399999999958e+02 1.478773255199999949e+04 1.477356488611198438e+04 8.644639999999981228e-01 5.000000000000000104e-03
1.200000000000000000e+01 2.165000000000000036e+00 5.000000000000000000e+05 -2.297385519999999985e+02 5.353158127999999851e+04 7.517790049432950354e+02 2.880716000000000054e+00 1.194671960000000013e+02 1.468515111199999956e+04 1.467685258732734474e+04 7.759279999999931787e-01 5.000000000000000104e-03
1.200000000000000000e+01 2.169999999999999929e+00 5.000000000000000000e+05 -2.288982880000000080e+02 5.316068364799999836e+04 7.662573986690478023e+02 3.518531999999999993e+00 1.189551320000000061e+02 1.457952127199999995e+04 1.456714120456497585e+04 8.402639999999904630e-01 5.000000000000000104e-03
1.200000000000000000e+01 2.205000000000000071e+00 5.000000000000000000e+05 -2.230675439999999981e+02 5.061128822400000354e+04 8.521590378080655910e+02 -3.469052000000000024e+00 1.150994599999999934e+02 1.379707136800000080e+04 1.378503704622129590e+04 0.000000000000000000e+00 5.000000000000000104e-03
1.200000000000000000e+01 2.209999999999999964e+00 5.000000000000000000e+05 -2.221381199999999865e+02 5.020976137600000220e+04 8.644170188656062237e+02 -3.369031999999999805e+00 1.144734239999999943e+02 1.367331529600000067e+04 1.366196491938297549e+04 9.294240000000115742e-01 5.000000000000000104e-03
1.200000000000000000e+01 2.214999999999999858e+00 5.000000000000000000e+05 -2.212984720000000038e+02 4.985170608000000357e+04 8.786923704652143670e+02 2.068544000000000160e+00 1.138786159999999938e+02 1.355640913600000022e+04 1.355213026172006357e+04 8.396479999999826305e-01 5.000000000000000104e-03
1.200000000000000000e+01 2.220000000000000195e+00 5.000000000000000000e+05 -2.203738319999999931e+02 4.945383817599999747e+04 8.892123456357730902e+02 -1.717827999999999911e+00 1.132587400000000031e+02 1.343270700000000033e+04 1.342975606696241630e+04 9.246400000000107866e-01 5.000000000000000104e-03
1.200000000000000000e+01 2.225000000000000089e+00 5.000000000000000000e+05 -2.193689679999999953e+02 4.902766435199999978e+04 9.049202306149743436e+02 2.229292000000000051e+00 1.125239399999999961e+02 1.329078866399999970e+04 1.328581892117873576e+04 1.004863999999997759e+00 5.000000000000000104e-03
1.200000000000000000e+01 2.229999999999999982e+00 5.000000000000000000e+05 -2.184754560000000083e+02 4.864772563200000150e+04 9.162007575920653153e+02 -1.254760000000000042e-01 1.118661960000000022e+02 1.316626507999999922e+04 1.316624933577342381e+04 8.935119999999868723e-01 5.000000000000000104e-03
1.200000000000000000e+01 2.234999999999999876e+00 5.000000000000000000e+05 -2.176480080000000044e+02 4.829934051200000249e+04 9.286851256319350796e+02 3.467140000000000111e+00 1.113282600000000002e+02 1.305852355999999963e+04 1.304650250022040018e+04 8.274480000000038471e-01 5.000000000000000104e-03
1.200000000000000000e+01 2.240000000000000213e+00 5.000000000000000000e+05 -2.167283360000000130e+02 4.791050124800000049e+04 9.393296226710953079e+02 1.926943999999999990e+00 1.106779839999999950e+02 1.293370203199999924e+04 1.292998891882086355e+04 9.196719999999911632e-01 5.000000000000000104e-03
1.200000000000000000e+01 2.245000000000000107e+00 5.000000000000000000e+05 -2.157177519999999902e+02 4.748276464000000124e+04 9.486161120664984310e+02 1.920763999999999916e+00 1.099458759999999984e+02 1.279237533599999915e+04 1.278868600165630232e+04 1.010584000000022797e+00 5.000000000000000104e-03
1.200000000000000000e+01 2.250000000000000000e+00 5.000000000000000000e+05 -2.148047280000000114e+02 4.710166416000000027e+04 9.605929888460086659e+02 5.048120000000000385e-01 1.092458440000000053e+02 1.266124712800000088e+04 1.266099229284465764e+04 9.130239999999788525e-01 5.000000000000000104e-03
1.200000000000000000e+01 2.254999999999999893e+00 5.000000000000000000e+05 -2.138060000000000116e+02 4.668334323199999926e+04 9.703375959999975748e+02 -8.667080000000000339e-01 1.085213559999999973e+02 1.252418258400000013e+04 1.252343140124273668e+04 0.000000000000000000e+00 5.000000000000000104e-03
1.200000000000000000e+01 2.259999999999999787e+00 5.000000000000000000e+05 -2.128712800000000129e+02 4.629941696000000229e+04 9.852351111615936361e+02 -4.286400000000000210e-01 1.078007999999999953e+02 1.239047268799999983e+04 1.239028895575040042e+04 9.347199999999985520e-01 5.000000000000000104e-03
1.200000000000000000e+01 2.265000000000000124e+00 5.000000000000000000e+05 -2.119107679999999903e+02 4.590416582400000334e+04 9.979922296501827077e+02 6.082239999999998759e-01 1.071030719999999974e+02 1.226261198399999921e+04 1.226224204756582367e+04 9.605120000000225700e-01 5.000000000000000104e-03
1.200000000000000000e+01 2.270000000000000018e+00 5.000000000000000000e+05 -2.107864480000000071e+02 4.543550304000000324e+04 1.004576379543294024e+03 -2.501771999999999885e+00 1.062661240000000049e+02 1.210617407199999980e+04 1.209991520886001672e+04 1.124319999999983111e+00 5.000000000000000104e-03
1.200000000000000000e+01 2.274999999999999911e+00 5.000000000000000000e+05 -2.100389920000000075e+02 4.512867257599999721e+04 1.012294415623931968e+03 -2.031999999999999952e-03 1.057097839999999991e+02 1.200087299200000052e+04 1.200087298787097643e+04 7.474559999999995652e-01 5.000000000000000104e-03
1.200000000000000000e+01 2.279999999999999805e+00 5.000000000000000000e+05 -2.089599279999999908e+02 4.468583516799999779e+04 1.021583658234820177e+03 -4.333960000000000035e-01 1.048281960000000055e+02 1.184207696799999940e+04 1.184188913590718403e+04 1.079064000000016899e+00 5.000000000000000104e-03
1.200000000000000000e+01 2.285000000000000142e+00 5.000000000000000000e+05 -2.079635600000000011e+02 4.428325097600000299e+04 1.034408688126401103e+03 3.037560000000000260e-01 1.040946679999999986e+02 1.170777229599999919e+04 1.170768002829246325e+04 9.963679999999895953e-01 5.000000000000000104e-03
1.200000000000000000e+01 2.290000000000000036e+00 5.000000000000000000e+05 -2.069550879999999893e+02 4.387331443199999921e+04 1.042905982912255922e+03 6.472520000000000495e-01 1.032238679999999960e+02 1.155433007200000065e+04 1.155391113684849552e+04 1.008472000000011803e+00 5.000000000000000104e-03
1.200000000000000000e+01 2.294999999999999929e+00 5.000000000000000000e+05 -2.060056800000000123e+02 4.348587769600000320e+04 1.047537503737599764e+03 3.503919999999999257e-01 1.025768640000000005e+02 1.143190192000000025e+04 1.143177914544633677e+04 9.494079999999768260e-01 5.000000000000000104e-03
1.200000000000000000e+01 2.299999999999999822e+00 5.000000000000000000e+05 -2.049944560000000138e+02 4.308253238399999827e+04 1.059805393264053919e+03 3.154399999999999982e-01 1.017859040000000022e+02 1.129105108800000016e+04 1.129095158560640084e+04 1.011223999999998568e+00 5.000000000000000104e-03
1.200000000000000000e+01 2.305000000000000160e+00 5.000000000000000000e+05 -2.040379200000000139e+02 4.269818182399999932e+04 1.066709026073593122e+03 1.142964000000000091e+00 1.009736199999999968e+02 1.114857971999999972e+04 1.114727335329470407e+04 0.000000000000000000e+00 5.000000000000000104e-03
1.200000000000000000e+01 2.310000000000000053e+00 5.000000000000000000e+05 -2.030241599999999949e+02 4.229231833599999663e+04 1.073508792294400337e+03 -1.234320000000000001e-01 1.001701039999999949e+02 1.100581958400000076e+04 1.100580434854137638e+04 1.013760000000019090e+00 5.000000000000000104e-03
1.200000000000000000e+01 2.314999999999999947e+00 5.000000000000000000e+05 -2.019662079999999946e+02 4.186970694399999775e+04 1.079357770100737980e+03 1.067239999999999994e-01 9.934234800000000121e+01 1.085928260000000046e+04 1.085927120998782448e+04 1.057952000000000226e+00 5.000000000000000104e-03
1.200000000000000000e+01 2.319999999999999840e+00 5.000000000000000000e+05 -2.009542399999999986e+02 4.147073894399999699e+04 1.088132370022394753e+03 -4.341400000000000259e-01 9.848507600000000650e+01 1.071275639199999932e+04 1.071256791446040006e+04 1.011967999999995982e+00 5.000000000000000104e-03
1.200000000000000000e+01 2.325000000000000178e+00 5.000000000000000000e+05 -1.999561919999999873e+02 4.107595654400000058e+04 1.093477824859139218e+03 7.674799999999998290e-02 9.769233199999999329e+01 1.057292616799999996e+04 1.057292027774449525e+04 9.980480000000111485e-01 5.000000000000000104e-03
1.200000000000000000e+01 2.330000000000000071e+00 5.000000000000000000e+05 -1.988370400000000018e+02 4.063588287999999739e+04 1.099714404038393695e+03 -1.896960000000000035e-01 9.675708000000000197e+01 1.041400273600000037e+04 1.041396675142758431e+04 1.119151999999985492e+00 5.000000000000000104e-03
1.200000000000000000e+01 2.334999999999999964e+00 5.000000000000000000e+05 -1.979790560000000141e+02 4.029739174400000047e+04 1.101685129348858027e+03 1.518008000000000024e+00 9.614824799999999527e+01 1.030299123200000031e+04 1.030068688371193639e+04 8.579839999999876454e-01 5.000000000000000104e-03
1.200000000000000000e+01 2.339999999999999858e+00 5.000000000000000000e+05 -1.970124559999999860e+02 3.992138575999999739e+04 1.107477940848068101e+03 1.338464000000000098e+00 9.528275200000000211e+01 1.015901499200000035e+04 1.015722350612070477e+04 9.666000000000279924e-01 5.000000000000000104e-03
1.200000000000000000e+01 2.345000000000000195e+00 5.000000000000000000e+05 -1.959787440000000061e+02 3.951921244799999840e+04 1.111544348182462500e+03 -7.605359999999998788e-01 9.440565599999999336e+01 1.001022838400000001e+04 1.000964996899270409e+04 1.033711999999979980e+00 5.000000000000000104e-03
1.200000000000000000e+01 2.350000000000000089e+00 5.000000000000000000e+05 -1.949310560000000123e+02 3.911201747199999954e+04 1.113900878724860377e+03 1.599088000000000065e+00 9.356213599999999531e+01 9.866710992000000260e+03 9.864153909568256495e+03 1.047687999999993513e+00 5.000000000000000104e-03
1.200000000000000000e+01 2.354999999999999982e+00 5.000000000000000000e+05 -1.938116559999999993e+02 3.868075433599999815e+04 1.117796334537662688e+03 -6.784360000000000390e-01 9.261107599999999707e+01 9.707182488000000376e+03 9.706722212593904260e+03 0.000000000000000000e+00 5.000000000000000104e-03
1.200000000000000000e+01 2.359999999999999876e+00 5.000000000000000000e+05 -1.928267439999999908e+02 3.830247772799999802e+04 1.120324526358468574e+03 9.712400000000000200e-02 9.179831599999999980e+01 9.568979735999999320e+03 9.568970302928624733e+03 9.849120000000084474e-01 5.000000000000000104e-03
1.200000000000000000e+01 2.365000000000000213e+00 5.000000000000000000e+05 -1.919717760000000055e+02 3.797183660799999780e+04 1.118673827405822294e+03 3.698480000000000101e-01 9.110918400000001327e+01 9.450908079999999245e+03 9.450771292456896845e+03 8.549679999999852953e-01 5.000000000000000104e-03
1.200000000000000000e+01 2.370000000000000107e+00 5.000000000000000000e+05 -1.908899839999999983e+02 3.756068678399999772e+04 1.121700792479743541e+03 3.440399999999999708e-02 9.017787599999999770e+01 9.300191367999999784e+03 9.300190184364784727e+03 1.081792000000007192e+00 5.000000000000000104e-03
1.200000000000000000e+01 2.375000000000000000e+00 5.000000000000000000e+05 -1.899356720000000109e+02 3.719779907200000162e+04 1.122239573908416787e+03 2.259720000000000062e-01 8.932264399999998261e+01 9.161949192000000039e+03 9.161898128655215260e+03 9.543119999999871705e-01 5.000000000000000104e-03
1.200000000000000000e+01 2.379999999999999893e+00 5.000000000000000000e+05 -1.889470159999999908e+02 3.682363465600000200e+04 1.122659800695750164e+03 7.185439999999998495e-01 8.848243200000000286e+01 9.024326368000000002e+03 9.023810062520064093e+03 9.886560000000199633e-01 5.000000000000000104e-03
1.200000000000000000e+01 2.384999999999999787e+00 5.000000000000000000e+05 -1.879568960000000004e+02 3.644987609599999996e+04 1.122081342045181373e+03 -1.201287999999999911e+00 8.763652799999999843e+01 8.885637087999997675e+03 8.884193995141054984e+03 9.901199999999904522e-01 5.000000000000000104e-03
1.200000000000000000e+01 2.390000000000000124e+00 5.000000000000000000e+05 -1.869450879999999984e+02 3.607081472000000213e+04 1.122348792672259151e+03 1.262963999999999976e+00 8.681055600000000538e+01 8.749120999999999185e+03 8.747525921934702637e+03 1.011808000000002039e+00 5.000000000000000104e-03
1.200000000000000000e+01 2.395000000000000018e+00 5.000000000000000000e+05 -1.858153839999999946e+02 3.564864630400000169e+04 1.121289372932544211e+03 -2.203559999999999963e-01 8.579197200000000123e+01 8.585726440000000366e+03 8.585677883233263856e+03 1.129704000000003816e+00 5.000000000000000104e-03
1.200000000000000000e+01 2.399999999999999911e+00 5.000000000000000000e+05 -1.850283119999999997e+02 3.535095203200000105e+04 1.115475790430660709e+03 -6.701160000000000450e-01 8.516390800000000638e+01 8.482675240000000485e+03 8.482226184546541845e+03 7.870719999999947758e-01 5.000000000000000104e-03
1.200000000000000000e+01 2.404999999999999805e+00 5.000000000000000000e+05 -1.839701599999999928e+02 3.496037849599999754e+04 1.115358725574398704e+03 1.964079999999999993e-01 8.416959199999998020e+01 8.328522176000000400e+03 8.328483599897535896e+03 0.000000000000000000e+00 5.000000000000000104e-03
1.200000000000000000e+01 2.410000000000000142e+00 5.000000000000000000e+05 -1.831217120000000023e+02 3.464890323199999693e+04 1.115341826189054700e+03 5.931880000000000486e-01 8.346652400000000682e+01 8.218049288000000161e+03 8.217697415996655764e+03 8.484479999999905431e-01 5.000000000000000104e-03
1.200000000000000000e+01 2.415000000000000036e+00 5.000000000000000000e+05 -1.821417999999999893e+02 3.428512611199999810e+04 1.109490804760003812e+03 8.637200000000000433e-02 8.257697199999999782e+01 8.075332967999998800e+03 8.075325507877614655e+03 9.799120000000127728e-01 5.000000000000000104e-03
1.200000000000000000e+01 2.419999999999999929e+00 5.000000000000000000e+05 -1.811217760000000112e+02 3.391309363199999643e+04 1.107995890605816385e+03 6.142760000000000442e-01 8.170183600000000013e+01 7.939116200000000390e+03 7.938738864995823860e+03 1.020023999999978059e+00 5.000000000000000104e-03
1.200000000000000000e+01 2.424999999999999822e+00 5.000000000000000000e+05 -1.802312400000000139e+02 3.358645059200000105e+04 1.103150720062396431e+03 3.323999999999999871e-02 8.097826399999998159e+01 7.823436864000000242e+03 7.823435759102399970e+03 8.905359999999973297e-01 5.000000000000000104e-03
1.200000000000000000e+01 2.430000000000000160e+00 5.000000000000000000e+05 -1.792279839999999922e+02 3.322168057599999884e+04 1.099010327295745810e+03 5.748560000000000336e-01 8.006104000000000553e+01 7.681239808000000266e+03 7.680909348579263678e+03 1.003256000000021686e+00 5.000000000000000104e-03
1.200000000000000000e+01 2.435000000000000053e+00 5.000000000000000000e+05 -1.782607759999999928e+02 3.287510921599999710e+04 1.098204955877823522e+03 3.677920000000000078e-01 7.924736799999998027e+01 7.556853264000000308e+03 7.556717993044736431e+03 9.672079999999994016e-01 5.000000000000000104e-03
1.200000000000000000e+01 2.439999999999999947e+00 5.000000000000000000e+05 -1.774010240000000067e+02 3.256362265599999955e+04 1.092499339751422895e+03 3.144000000000000128e-01 7.839108799999998212e+01 7.428845696000000316e+03 7.428746848640000280e+03 8.597519999999859719e-01 5.000000000000000104e-03
1.200000000000000000e+01 2.444999999999999840e+00 5.000000000000000000e+05 -1.764763759999999877e+02 3.222919011200000023e+04 1.085278825906629208e+03 -4.391599999999999671e-02 7.763209200000000010e+01 7.309918904000000111e+03 7.309916975384942816e+03 9.246480000000190103e-01 5.000000000000000104e-03
1.200000000000000000e+01 2.450000000000000178e+00 5.000000000000000000e+05 -1.755256239999999934e+02 3.188925257599999895e+04 1.080007895410624769e+03 -4.851239999999999997e-01 7.677190000000000225e+01 7.180358551999999690e+03 7.180123206704623954e+03 9.507519999999941573e-01 5.000000000000000104e-03
1.200000000000000000e+01 2.455000000000000071e+00 5.000000000000000000e+05 -1.748026959999999974e+02 3.163049494399999821e+04 1.074512415131583111e+03 -7.205000000000000293e-01 7.619714000000000453e+01 7.088332120000000032e+03 7.087812999750000017e+03 0.000000000000000000e+00 5.000000000000000104e-03
1.200000000000000000e+01 2.459999999999999964e+00 5.000000000000000000e+05 -1.737631120000000067e+02 3.126043606400000135e+04 1.066816972075456079e+03 4.496680000000000121e-01 7.527208400000000665e+01 6.949927464000000327e+03 6.949725262689776173e+03 1.039583999999990738e+00 5.000000000000000104e-03
1.200000000000000000e+01 2.464999999999999858e+00 5.000000000000000000e+05 -1.729421279999999967e+02 3.097213376000000062e+04 1.063154122831616405e+03 3.363160000000000038e-01 7.455526000000000408e+01 6.843973592000000281e+03 6.843860483548144657e+03 8.209840000000099280e-01 5.000000000000000104e-03
1.200000000000000000e+01 2.470000000000000195e+00 5.000000000000000000e+05 -1.720490240000000028e+02 3.065654214399999910e+04 1.055675484647421399e+03 -2.969040000000000012e-01 7.372592000000000212e+01 6.721087424000000283e+03 6.720999272014783855e+03 8.931039999999939027e-01 5.000000000000000104e-03
1.200000000000000000e+01 2.475000000000000089e+00 5.000000000000000000e+05 -1.711997760000000142e+02 3.035619686400000137e+04 1.046833561549821752e+03 5.250479999999998482e-01 7.302164799999999900e+01 6.613235824000000321e+03 6.612960148597696389e+03 8.492479999999885676e-01 5.000000000000000104e-03
1.200000000000000000e+01 2.479999999999999982e+00 5.000000000000000000e+05 -1.703714640000000031e+02 3.006847228800000084e+04 1.042036542496702168e+03 -7.807999999999998275e-02 7.226140800000000297e+01 6.502253311999999823e+03 6.502247215513600167e+03 8.283120000000110394e-01 5.000000000000000104e-03
1.200000000000000000e+01 2.484999999999999876e+00 5.000000000000000000e+05 -1.695235040000000026e+02 2.977636179199999970e+04 1.038143383561982773e+03 2.274440000000000073e-01 7.145923600000000420e+01 6.388188167999999678e+03 6.388136437226863563e+03 8.479600000000003801e-01 5.000000000000000104e-03
1.200000000000000000e+01 2.490000000000000213e+00 5.000000000000000000e+05 -1.686845680000000129e+02 2.948496950400000060e+04 1.030486022653371037e+03 6.811399999999998567e-01 7.074579599999999857e+01 6.282596967999999833e+03 6.282133016300400413e+03 8.389359999999895789e-01 5.000000000000000104e-03
1.200000000000000000e+01 2.495000000000000107e+00 5.000000000000000000e+05 -1.678404639999999972e+02 2.919503494399999909e+04 1.024613588264703139e+03 1.127480000000000010e-01 6.995915599999999301e+01 6.172116184000000430e+03 6.172103471888496642e+03 8.441040000000157306e-01 5.000000000000000104e-03
1.200000000000000000e+01 2.500000000000000000e+00 5.000000000000000000e+05 -1.671172239999999931e+02 2.894748137599999973e+04 1.019314818533825019e+03 1.720240000000000102e-01 6.944392799999999966e+01 6.091774720000000343e+03 6.091745127743424746e+03 7.232400000000041018e-01 5.000000000000000104e-03
1.200000000000000000e+01 2.549999999999999822e+00 5.000000000000000000e+05 -1.593928239999999903e+02 2.634598774399999820e+04 9.399154013050248295e+02 1.264240000000000086e-01 6.270810399999999873e+01 5.142948495999999977e+03 5.142932512972223776e+03 0.000000000000000000e+00 5.000000000000000278e-02
1.200000000000000000e+01 2.600000000000000089e+00 5.000000000000000000e+05 -1.525325679999999977e+02 2.413067420800000036e+04 8.644899073253762936e+02 2.016040000000000054e-01 5.684873199999999827e+01 4.358258552000000236e+03 4.358217907827183808e+03 6.860255999999992582e+00 5.000000000000000278e-02
1.200000000000000000e+01 2.649999999999999911e+00 5.000000000000000000e+05 -1.465933760000000063e+02 2.228230566399999952e+04 7.926877769226230157e+02 4.783599999999999658e-02 5.203251600000000110e+01 3.739176984000000175e+03 3.739174695717103987e+03 5.939191999999992255e+00 5.000000000000000278e-02
1.200000000000000000e+01 2.700000000000000178e+00 5.000000000000000000e+05 -1.412513680000000136e+02 2.069010051200000089e+04 7.381515501285721257e+02 -2.389200000000000004e-02 4.792996399999999824e+01 3.240651319999999942e+03 3.240650749172335964e+03 5.342007999999992762e+00 5.000000000000000278e-02
1.200000000000000000e+01 2.750000000000000000e+00 5.000000000000000000e+05 -1.363857280000000003e+02 1.928907366399999955e+04 6.880068619100165961e+02 -1.145800000000000013e-01 4.436985200000000162e+01 2.821288023999999950e+03 2.821274895423599901e+03 4.865640000000012400e+00 5.000000000000000278e-02
1.200000000000000000e+01 2.799999999999999822e+00 5.000000000000000000e+05 -1.321333840000000066e+02 1.810509500800000023e+04 6.458638407085417157e+02 -4.291600000000000276e-02 4.145464400000000182e+01 2.499166119999999864e+03 2.499164278216943785e+03 4.252343999999993684e+00 5.000000000000000278e-02
1.200000000000000000e+01 2.850000000000000089e+00 5.000000000000000000e+05 -1.281921600000000012e+02 1.704582585599999948e+04 6.125959705343993846e+02 1.787199999999999900e-02 3.890431199999999734e+01 2.223550944000000072e+03 2.223550624591616270e+03 3.941224000000004946e+00 5.000000000000000278e-02
1.200000000000000000e+01 2.899999999999999911e+00 5.000000000000000000e+05 -1.245807999999999964e+02 1.610626598399999966e+04 5.858902553600000829e+02 -6.708000000000000421e-03 3.671293200000000212e+01 1.998781911999999920e+03 1.998781867002735908e+03 3.611360000000004788e+00 5.000000000000000278e-02
1.200000000000000000e+01 2.950000000000000178e+00 5.000000000000000000e+05 -1.212824080000000038e+02 1.527036169599999994e+04 5.609392057215354725e+02 -5.648000000000000242e-03 3.489202399999999926e+01 1.816220415999999886e+03 1.816220384100095998e+03 3.298391999999992663e+00 5.000000000000000278e-02
1.200000000000000000e+01 3.000000000000000000e+00 5.000000000000000000e+05 -1.181576000000000022e+02 1.450364761600000020e+04 5.424291782399996009e+02 1.149400000000000005e-01 3.328395600000000343e+01 1.661429847999999993e+03 1.661416636796400098e+03 3.124808000000001584e+00 5.000000000000000278e-02


2.400000000000000000e+01 1.550000000000000044e+00 5.000000000000000000e+05 -1.117711943999999903e+03 1.249596045791999903e+06 3.160560317409690470e+02 1.132201200000000085e+01 5.664041160000000446e+02 3.208441862320000073e+05 3.207159982762718573e+05 0.000000000000000000e+00 5.000000000000000278e-02
2.400000000000000000e+01 1.600000000000000089e+00 5.000000000000000000e+05 -1.110681935999999951e+03 1.234002566591999959e+06 3.882036352918948978e+02 -1.128648399999999974e+01 5.642679399999999532e+02 3.184381440719999955e+05 3.183107593509177677e+05 7.030007999999952517e+00 5.000000000000000278e-02
2.400000000000000000e+01 1.649999999999999911e+00 5.000000000000000000e+05 -1.102594192000000021e+03 1.216183441152000101e+06 4.694889198672025827e+02 3.369223199999999707e+01 5.617393919999999525e+02 3.156028220640000072e+05 3.144676555668581859e+05 8.087743999999929656e+00 5.000000000000000278e-02
2.400000000000000000e+01 1.699999999999999956e+00 5.000000000000000000e+05 -1.093331728000000112e+03 1.195944142911999952e+06 5.698754605336580426e+02 -1.117440799999999967e+01 5.587569120000000567e+02 3.122771348640000215e+05 3.121522674698495539e+05 9.262463999999907216e+00 5.000000000000000278e-02
2.400000000000000000e+01 1.750000000000000000e+00 5.000000000000000000e+05 -1.082896463999999924e+03 1.173347643840000033e+06 6.828920962968841195e+02 5.563119999999999621e+00 5.552883679999999913e+02 3.084339395200000145e+05 3.084029912158655934e+05 1.043526400000018839e+01 5.000000000000000278e-02
2.400000000000000000e+01 1.800000000000000044e+00 5.000000000000000000e+05 -1.070953463999999940e+03 1.147763523871999932e+06 8.222018184007611126e+02 -1.652894399999999919e+01 5.511539040000000114e+02 3.038887457600000198e+05 3.036155397702448536e+05 1.194299999999998363e+01 5.000000000000000278e-02
2.400000000000000000e+01 1.850000000000000089e+00 5.000000000000000000e+05 -1.057505128000000013e+03 1.119297313375999918e+06 9.802176297034601475e+02 1.091481600000000007e+01 5.462826880000000074e+02 2.985829168320000172e+05 2.984637836236861767e+05 1.344833599999992835e+01 5.000000000000000278e-02
2.400000000000000000e+01 1.899999999999999911e+00 5.000000000000000000e+05 -1.042293255999999928e+03 1.087545843936000019e+06 1.170612432918744162e+03 7.566577200000000403e+01 5.404675559999999450e+02 2.923228833040000172e+05 2.865975742516440223e+05 1.521187200000008488e+01 5.000000000000000278e-02
2.400000000000000000e+01 1.949999999999999956e+00 5.000000000000000000e+05 -1.025006656000000021e+03 1.052034138623999897e+06 1.395493779697455693e+03 -3.203585999999999956e+01 5.334663880000000518e+02 2.848910371279999963e+05 2.838647408020604053e+05 1.728659999999990760e+01 5.000000000000000278e-02
2.400000000000000000e+01 2.000000000000000000e+00 5.000000000000000000e+05 -1.005382927999999993e+03 1.012463420992000028e+06 1.668589078146847896e+03 -1.782508800000000093e+01 5.248799119999999903e+02 2.759468704320000252e+05 2.756291366697922931e+05 1.962372800000002826e+01 5.000000000000000278e-02
2.400000000000000000e+01 2.004999999999999893e+00 5.000000000000000000e+05 -1.003327647999999954e+03 1.008359220096000005e+06 1.692850854788208380e+03 -4.186961600000000061e+01 5.239610400000000254e+02 2.749925587999999989e+05 2.732394940560125397e+05 0.000000000000000000e+00 5.000000000000000104e-03
2.400000000000000000e+01 2.009999999999999787e+00 5.000000000000000000e+05 -1.001208064000000036e+03 1.004145348991999985e+06 1.727761573371826898e+03 -3.133645999999999887e+01 5.229886679999999615e+02 2.739964711920000263e+05 2.730144974666684284e+05 2.119583999999917978e+00 5.000000000000000104e-03
2.400000000000000000e+01 2.015000000000000124e+00 5.000000000000000000e+05 -9.990674480000000131e+02 9.999039145919999573e+05 1.768148938767262734e+03 -2.087989599999999868e+01 5.220086079999999811e+02 2.729967507999999798e+05 2.725607807430291432e+05 2.140616000000022723e+00 5.000000000000000104e-03
2.400000000000000000e+01 2.020000000000000018e+00 5.000000000000000000e+05 -9.969273439999999482e+02 9.956595173120000400e+05 1.795388097105780616e+03 -4.169745600000000252e+01 5.209773360000000366e+02 2.719408220800000126e+05 2.702021442431280739e+05 2.140104000000064843e+00 5.000000000000000104e-03
2.400000000000000000e+01 2.024999999999999911e+00 5.000000000000000000e+05 -9.946542239999999993e+02 9.911612349440000253e+05 1.824209622957859892e+03 1.033253200000000049e+01 5.199013800000000174e+02 2.708419479120000033e+05 2.707351866944688954e+05 2.273119999999948959e+00 5.000000000000000104e-03
2.400000000000000000e+01 2.029999999999999805e+00 5.000000000000000000e+05 -9.924960079999999607e+02 9.869102864960000152e+05 1.861960600064019900e+03 1.557865199999999994e+01 5.188818119999999681e+02 2.698036533679999993e+05 2.695609589698628988e+05 2.158216000000038548e+00 5.000000000000000104e-03
2.400000000000000000e+01 2.035000000000000142e+00 5.000000000000000000e+05 -9.901139839999999595e+02 9.822239566079999786e+05 1.898255295647773664e+03 1.040332800000000013e+01 5.177274879999999939e+02 2.686361574559999863e+05 2.685279282225244096e+05 2.382024000000001251e+00 5.000000000000000104e-03
2.400000000000000000e+01 2.040000000000000036e+00 5.000000000000000000e+05 -9.877435679999999820e+02 9.775782657920001075e+05 1.940909666629391950e+03 5.213536000000000392e+00 5.165216560000000072e+02 2.674271258079999825e+05 2.673999448503766907e+05 2.370415999999976986e+00 5.000000000000000104e-03
2.400000000000000000e+01 2.044999999999999929e+00 5.000000000000000000e+05 -9.855163280000000441e+02 9.732122532799999462e+05 1.969820525396266021e+03 1.342739599999999989e+01 5.154333880000000363e+02 2.663297666960000060e+05 2.661494717326592072e+05 2.227239999999937492e+00 5.000000000000000104e-03
2.400000000000000000e+01 2.049999999999999822e+00 5.000000000000000000e+05 -9.830330000000000155e+02 9.683663165759999538e+05 2.012437486999900784e+03 -7.836339999999999861e+00 5.141423800000000028e+02 2.650378338639999856e+05 2.649764256394043914e+05 2.483328000000028624e+00 5.000000000000000104e-03
2.400000000000000000e+01 2.055000000000000160e+00 5.000000000000000000e+05 -9.807150160000001051e+02 9.638474908480000449e+05 2.045548240119823959e+03 -1.536139200000000038e+01 5.130739999999999554e+02 2.639515714240000234e+05 2.637155990598223871e+05 0.000000000000000000e+00 5.000000000000000104e-03
2.400000000000000000e+01 2.060000000000000053e+00 5.000000000000000000e+05 -9.782932320000002164e+02 9.591480065920000197e+05 2.090358814994222485e+03 1.538086000000000020e+01 5.117544199999999819e+02 2.626596472879999783e+05 2.624230764336604043e+05 2.421784000000002379e+00 5.000000000000000104e-03
2.400000000000000000e+01 2.064999999999999947e+00 5.000000000000000000e+05 -9.756471040000000130e+02 9.540121023999999743e+05 2.124830856413114816e+03 -1.760387599999999964e+01 5.103693640000000187e+02 2.612772872719999868e+05 2.609673908217765857e+05 2.646127999999976055e+00 5.000000000000000104e-03
2.400000000000000000e+01 2.069999999999999840e+00 5.000000000000000000e+05 -9.731750960000000532e+02 9.492418582079999615e+05 2.172090733390650712e+03 2.370795999999999992e+01 5.090807439999999815e+02 2.599946885919999913e+05 2.594326212246383948e+05 2.472007999999959793e+00 5.000000000000000104e-03
2.400000000000000000e+01 2.075000000000000178e+00 5.000000000000000000e+05 -9.707476880000000392e+02 9.445647733440001030e+05 2.213699586654548057e+03 1.961141999999999896e+01 5.078528519999999844e+02 2.587955272080000141e+05 2.584109194135835860e+05 2.427408000000013999e+00 5.000000000000000104e-03
2.400000000000000000e+01 2.080000000000000071e+00 5.000000000000000000e+05 -9.681839439999999968e+02 9.396390029759999597e+05 2.258853556604823098e+03 1.179601599999999983e+01 5.063552720000000136e+02 2.573476112319999957e+05 2.572084652385277150e+05 2.563744000000042433e+00 5.000000000000000104e-03
2.400000000000000000e+01 2.084999999999999964e+00 5.000000000000000000e+05 -9.655429840000000468e+02 9.345763219520000275e+05 2.303068000375642441e+03 4.869264400000000137e+01 5.049663959999999747e+02 2.559809634000000078e+05 2.536099898202892800e+05 2.640959999999950014e+00 5.000000000000000104e-03
2.400000000000000000e+01 2.089999999999999858e+00 5.000000000000000000e+05 -9.626716000000000122e+02 9.290959516800000565e+05 2.359342233440023847e+03 3.245423199999999753e+01 5.033028320000000235e+02 2.543786082720000122e+05 2.533253310972901527e+05 2.871384000000034575e+00 5.000000000000000104e-03
2.400000000000000000e+01 2.095000000000000195e+00 5.000000000000000000e+05 -9.601304159999999683e+02 9.242457254399999510e+05 2.395309711667010561e+03 -2.377276000000000167e+01 5.019703440000000114e+02 2.530634071040000126e+05 2.524982629859824083e+05 2.541184000000043852e+00 5.000000000000000104e-03
2.400000000000000000e+01 2.100000000000000089e+00 5.000000000000000000e+05 -9.573586480000000165e+02 9.189842906560000265e+05 2.448709755612072058e+03 -4.725086799999999698e+01 5.003512279999999919e+02 2.515221581360000127e+05 2.492895136092465546e+05 2.771767999999951826e+00 5.000000000000000104e-03
2.400000000000000000e+01 2.104999999999999982e+00 5.000000000000000000e+05 -9.544616320000000087e+02 9.135013904640000546e+05 2.504383503896649472e+03 -6.394690400000000352e+01 4.986358319999999935e+02 2.498929425920000067e+05 2.458037360608147865e+05 0.000000000000000000e+00 5.000000000000000104e-03
2.400000000000000000e+01 2.109999999999999876e+00 5.000000000000000000e+05 -9.517483999999999469e+02 9.083757607680000365e+05 2.550743865440133959e+03 3.773092400000000168e+01 4.970294440000000122e+02 2.483781908720000065e+05 2.469545682461062388e+05 2.713232000000061817e+00 5.000000000000000104e-03
2.400000000000000000e+01 2.115000000000000213e+00 5.000000000000000000e+05 -9.486049920000000384e+02 9.024585646720000077e+05 2.607133824679884128e+03 -6.612014000000000635e+01 4.951147960000000126e+02 2.465569197679999925e+05 2.421850468543804018e+05 3.143407999999908498e+00 5.000000000000000104e-03
2.400000000000000000e+01 2.120000000000000107e+00 5.000000000000000000e+05 -9.456931120000000419e+02 8.970045925440000137e+05 2.669130459755426273e+03 1.605943200000000104e+01 4.932691280000000233e+02 2.448451155999999901e+05 2.445872102438373258e+05 2.911879999999996471e+00 5.000000000000000104e-03
2.400000000000000000e+01 2.125000000000000000e+00 5.000000000000000000e+05 -9.430080239999999776e+02 8.919720944959999761e+05 2.707961167615488648e+03 -4.926597999999999900e+01 4.917737720000000081e+02 2.434020274640000134e+05 2.409748906786396110e+05 2.685088000000064312e+00 5.000000000000000104e-03
2.400000000000000000e+01 2.129999999999999893e+00 5.000000000000000000e+05 -9.396942480000000160e+02 8.858050629440000048e+05 2.779783219714416191e+03 3.797928000000000193e+00 4.896240080000000034e+02 2.414201574879999971e+05 2.414057332309068006e+05 3.313775999999961641e+00 5.000000000000000104e-03
2.400000000000000000e+01 2.134999999999999787e+00 5.000000000000000000e+05 -9.367953599999999597e+02 8.804206097920000320e+05 2.835063274470507167e+03 2.047860400000000070e+01 4.877565799999999854e+02 2.397219996080000128e+05 2.393026263862111955e+05 2.898888000000056309e+00 5.000000000000000104e-03
2.400000000000000000e+01 2.140000000000000124e+00 5.000000000000000000e+05 -9.338102080000002161e+02 8.749070169600000372e+05 2.905512394996825606e+03 9.153812000000000282e+00 4.857672680000000014e+02 2.379155151119999937e+05 2.378317228378686414e+05 2.985151999999970940e+00 5.000000000000000104e-03
2.400000000000000000e+01 2.145000000000000018e+00 5.000000000000000000e+05 -9.305965920000002143e+02 8.689662599679999985e+05 2.956242925985599868e+03 -5.615163199999999932e+01 4.836591599999999858e+02 2.359725840320000134e+05 2.328195782557365601e+05 3.213616000000001804e+00 5.000000000000000104e-03
2.400000000000000000e+01 2.149999999999999911e+00 5.000000000000000000e+05 -9.271877680000000055e+02 8.627104530240000458e+05 3.033295895178219780e+03 -2.761739199999999883e+01 4.814049759999999765e+02 2.339399420319999917e+05 2.331772216911183205e+05 3.408823999999980980e+00 5.000000000000000104e-03
2.400000000000000000e+01 2.205000000000000071e+00 5.000000000000000000e+05 -8.871718240000000151e+02 7.909922030080000404e+05 3.918357708513038233e+03 -1.962228400000000050e+01 4.498965079999999830e+02 2.072700337679999939e+05 2.068849997386233299e+05 0.000000000000000000e+00 5.000000000000000104e-03
2.400000000000000000e+01 2.209999999999999964e+00 5.000000000000000000e+05 -8.830397840000000542e+02 7.837582079039998353e+05 3.998947777233202487e+03 -3.229071999999999942e+00 4.461567120000000273e+02 2.042937697599999956e+05 2.042833428540187888e+05 4.132039999999960855e+00 5.000000000000000104e-03
2.400000000000000000e+01 2.214999999999999858e+00 5.000000000000000000e+05 -8.793052000000000135e+02 7.772309965439999942e+05 4.053361796960001811e+03 1.450456400000000023e+01 4.432061560000000213e+02 2.018563993999999948e+05 2.016460170231699303e+05 3.734584000000040760e+00 5.000000000000000104e-03
2.400000000000000000e+01 2.220000000000000195e+00 5.000000000000000000e+05 -8.750585360000000037e+02 7.699239679679999826e+05 4.196526541536673903e+03 -3.830940000000000012e+00 4.388656760000000077e+02 1.986185049040000013e+05 1.986038288027163944e+05 4.246664000000009764e+00 5.000000000000000104e-03
2.400000000000000000e+01 2.225000000000000089e+00 5.000000000000000000e+05 -8.702613440000000082e+02 7.616505699200000381e+05 4.295763059313641861e+03 4.452003999999999628e+00 4.339699560000000247e+02 1.948913500080000085e+05 1.948715296683839988e+05 4.797191999999996348e+00 5.000000000000000104e-03
2.400000000000000000e+01 2.229999999999999982e+00 5.000000000000000000e+05 -8.661399040000000014e+02 7.545584512640000321e+05 4.360117962870863266e+03 -1.305868000000000029e+00 4.301514520000000061e+02 1.919243106960000005e+05 1.919226054047665675e+05 4.121440000000006876e+00 5.000000000000000104e-03
2.400000000000000000e+01 2.234999999999999876e+00 5.000000000000000000e+05 -8.618455279999998311e+02 7.472485536319999956e+05 4.470839498401270248e+03 3.719971999999999834e+00 4.259984919999999988e+02 1.888033046320000140e+05 1.887894664403192292e+05 4.294376000000056592e+00 5.000000000000000104e-03
2.400000000000000000e+01 2.240000000000000213e+00 5.000000000000000000e+05 -8.571729920000000220e+02 7.392850467199999839e+05 4.539508505767909810e+03 3.890028000000000041e+00 4.211672120000000064e+02 1.852281977199999965e+05 1.852130654021592054e+05 4.672535999999922751e+00 5.000000000000000104e-03
2.400000000000000000e+01 2.245000000000000107e+00 5.000000000000000000e+05 -8.527521600000000035e+02 7.318118498560000444e+05 4.625603471334441565e+03 -3.938474000000000075e+01 4.167245639999999867e+02 1.818692581519999949e+05 1.803181004071324132e+05 4.420832000000018525e+00 5.000000000000000104e-03
2.400000000000000000e+01 2.250000000000000000e+00 5.000000000000000000e+05 -8.475978079999999864e+02 7.231754392960000550e+05 4.753395169595256448e+03 -8.580292000000000030e+00 4.107381879999999796e+02 1.777007308719999855e+05 1.776271094611947192e+05 5.154352000000017142e+00 5.000000000000000104e-03
2.400000000000000000e+01 2.254999999999999893e+00 5.000000000000000000e+05 -8.430320560000000114e+02 7.155573256640000036e+05 4.854278220412904375e+03 -7.785688000000000386e+00 4.056218880000000127e+02 1.740872151519999898e+05 1.740265982143666479e+05 0.000000000000000000e+00 5.000000000000000104e-03
2.400000000000000000e+01 2.259999999999999787e+00 5.000000000000000000e+05 -8.382837680000000091e+02 7.076265485760000302e+05 4.906872883722185179e+03 -7.675203999999999915e+00 4.006884360000000243e+02 1.704742682959999947e+05 1.704153595395583834e+05 4.748288000000001396e+00 5.000000000000000104e-03
2.400000000000000000e+01 2.265000000000000124e+00 5.000000000000000000e+05 -8.340094480000000203e+02 7.005549891520000529e+05 4.983229798735352233e+03 -1.129667199999999916e+01 3.962032399999999939e+02 1.673156965280000004e+05 1.671880817297244212e+05 4.274319999999988795e+00 5.000000000000000104e-03
2.400000000000000000e+01 2.270000000000000018e+00 5.000000000000000000e+05 -8.285243520000000217e+02 6.915277170560000231e+05 5.075115198980085552e+03 1.451030399999999965e+01 3.893152240000000006e+02 1.627088069599999872e+05 1.624982580378275597e+05 5.485095999999999528e+00 5.000000000000000104e-03
2.400000000000000000e+01 2.274999999999999911e+00 5.000000000000000000e+05 -8.235461599999999862e+02 6.833660407679999480e+05 5.137763117254361532e+03 2.000847999999999960e+00 3.832698639999999841e+02 1.586442308159999957e+05 1.586402274232808850e+05 4.978192000000036366e+00 5.000000000000000104e-03
2.400000000000000000e+01 2.279999999999999805e+00 5.000000000000000000e+05 -8.190084000000000515e+02 6.759536753279999830e+05 5.178916057439870201e+03 -1.669894400000000090e+01 3.785571199999999976e+02 1.553424436160000041e+05 1.550635888852848730e+05 4.537759999999935623e+00 5.000000000000000104e-03
2.400000000000000000e+01 2.285000000000000142e+00 5.000000000000000000e+05 -8.138041680000000042e+02 6.674887800640000496e+05 5.211556209827772363e+03 -1.149560000000000026e-01 3.721229079999999954e+02 1.510612669039999892e+05 1.510612536891180498e+05 5.204232000000047265e+00 5.000000000000000104e-03
2.400000000000000000e+01 2.290000000000000036e+00 5.000000000000000000e+05 -8.091029839999999922e+02 6.599325088959999848e+05 5.284870178295765072e+03 6.077563999999999744e+00 3.664022039999999834e+02 1.473863530320000136e+05 1.473494162478259241e+05 4.701184000000012020e+00 5.000000000000000104e-03
2.400000000000000000e+01 2.294999999999999929e+00 5.000000000000000000e+05 -8.035657200000000557e+02 6.510597462079999968e+05 5.341879848881508224e+03 -4.427483999999999753e+00 3.592577800000000252e+02 1.427600260560000024e+05 1.427404234414297389e+05 5.537263999999936459e+00 5.000000000000000104e-03
2.400000000000000000e+01 2.299999999999999822e+00 5.000000000000000000e+05 -7.987453440000000455e+02 6.433274459519999800e+05 5.333321390321594663e+03 -1.085789199999999965e+01 3.535596600000000080e+02 1.389753352240000095e+05 1.388574414053163491e+05 4.820376000000009320e+00 5.000000000000000104e-03
2.400000000000000000e+01 2.305000000000000160e+00 5.000000000000000000e+05 -7.934801119999998491e+02 6.350050260479999706e+05 5.394337908467511625e+03 2.650440000000000129e+00 3.463136240000000043e+02 1.345629993599999871e+05 1.345559745278063929e+05 0.000000000000000000e+00 5.000000000000000104e-03
2.400000000000000000e+01 2.310000000000000053e+00 5.000000000000000000e+05 -7.890895759999998518e+02 6.280507021759999916e+05 5.388343224140233360e+03 3.492487999999999815e+00 3.414295440000000212e+02 1.313936921600000060e+05 1.313814946875698515e+05 4.390535999999996442e+00 5.000000000000000104e-03
2.400000000000000000e+01 2.314999999999999947e+00 5.000000000000000000e+05 -7.836252960000000485e+02 6.194791992320000427e+05 5.410594700912361986e+03 8.745179999999997733e+00 3.337057639999999878e+02 1.267518856079999969e+05 1.266754074347676069e+05 5.464279999999916981e+00 5.000000000000000104e-03
2.400000000000000000e+01 2.319999999999999840e+00 5.000000000000000000e+05 -7.785227919999999813e+02 6.114945561920000473e+05 5.396818528524832800e+03 1.763147999999999938e+00 3.273628840000000082e+02 1.228078585359999997e+05 1.228047498451300780e+05 5.102504000000067208e+00 5.000000000000000104e-03
2.400000000000000000e+01 2.325000000000000178e+00 5.000000000000000000e+05 -7.731961360000000241e+02 6.032111120959999971e+05 5.378847370669479460e+03 -5.794275999999999982e+00 3.199865080000000148e+02 1.183995416879999975e+05 1.183659680536358210e+05 5.326655999999957203e+00 5.000000000000000104e-03
2.400000000000000000e+01 2.330000000000000071e+00 5.000000000000000000e+05 -7.686491919999998572e+02 5.961804212159999879e+05 5.358840853747212350e+03 -2.696623999999999910e+00 3.141343120000000226e+02 1.148825651519999956e+05 1.148752933710026409e+05 4.546944000000053165e+00 5.000000000000000104e-03
2.400000000000000000e+01 2.334999999999999964e+00 5.000000000000000000e+05 -7.635256879999998318e+02 5.883140881600000430e+05 5.342611924126744270e+03 -1.829880000000000118e-01 3.072986280000000079e+02 1.109056065680000029e+05 1.109055730833918642e+05 5.123504000000025371e+00 5.000000000000000104e-03
2.400000000000000000e+01 2.339999999999999858e+00 5.000000000000000000e+05 -7.585480240000000549e+02 5.806957119680000469e+05 5.300607253695372492e+03 -3.786367999999999956e+00 3.004625120000000038e+02 1.069480991199999989e+05 1.069337625373685587e+05 4.977663999999890621e+00 5.000000000000000104e-03
2.400000000000000000e+01 2.345000000000000195e+00 5.000000000000000000e+05 -7.539942959999998493e+02 5.737774656320000067e+05 5.270067231464432552e+03 7.381660000000000110e+00 2.942973559999999793e+02 1.033935869200000016e+05 1.033390980156443984e+05 4.553728000000091924e+00 5.000000000000000104e-03
2.400000000000000000e+01 2.350000000000000089e+00 5.000000000000000000e+05 -7.493076879999999846e+02 5.666875337920000311e+05 5.225522496094694361e+03 -3.649856000000000211e+00 2.881503599999999778e+02 9.994509680000001390e+04 9.993177535117928346e+04 4.686607999999977459e+00 5.000000000000000104e-03
2.400000000000000000e+01 2.354999999999999982e+00 5.000000000000000000e+05 -7.445017520000000104e+02 5.594504880320000229e+05 5.167629300930536374e+03 2.363891999999999882e+00 2.818249640000000227e+02 9.631716408800000499e+04 9.631157610261232185e+04 0.000000000000000000e+00 5.000000000000000104e-03
2.400000000000000000e+01 2.359999999999999876e+00 5.000000000000000000e+05 -7.397826639999998406e+02 5.523800297919999575e+05 5.101639837063151390e+03 1.457764000000000060e+00 2.752816280000000120e+02 9.265724533600000723e+04 9.265512026012032584e+04 4.719088000000056127e+00 5.000000000000000104e-03
2.400000000000000000e+01 2.365000000000000213e+00 5.000000000000000000e+05 -7.353109680000000026e+02 5.457292461119999643e+05 5.047026450902921169e+03 4.319416000000000366e+00 2.691008079999999723e+02 8.933713232000000426e+04 8.931847496541895089e+04 4.471695999999951709e+00 5.000000000000000104e-03
2.400000000000000000e+01 2.370000000000000107e+00 5.000000000000000000e+05 -7.312235200000000077e+02 5.396855836800000397e+05 4.997747478809672430e+03 -1.201375999999999999e+00 2.644859759999999937e+02 8.674418971200000669e+04 8.674274640770662518e+04 4.087447999999993975e+00 5.000000000000000104e-03
2.400000000000000000e+01 2.375000000000000000e+00 5.000000000000000000e+05 -7.264722960000000285e+02 5.326752479039999889e+05 4.913251048488309607e+03 -1.133491999999999944e+00 2.576618520000000103e+02 8.314905160799997975e+04 8.314776680388592649e+04 4.751223999999979242e+00 5.000000000000000104e-03
2.400000000000000000e+01 2.379999999999999893e+00 5.000000000000000000e+05 -7.219053599999998596e+02 5.260015362560000503e+05 4.854187459270469844e+03 -6.031039999999998624e-01 2.513501760000000047e+02 7.983075817600000300e+04 7.983039444156517857e+04 4.566936000000055174e+00 5.000000000000000104e-03
2.400000000000000000e+01 2.384999999999999787e+00 5.000000000000000000e+05 -7.177536800000000312e+02 5.199327714559999877e+05 4.762426302457519341e+03 1.010351999999999917e+00 2.455427200000000028e+02 7.682891057599998021e+04 7.682788976483608712e+04 4.151679999999942083e+00 5.000000000000000104e-03
2.400000000000000000e+01 2.390000000000000124e+00 5.000000000000000000e+05 -7.139195359999999937e+02 5.143924480639999965e+05 4.711344181544729508e+03 -2.446692000000000089e+00 2.412556120000000135e+02 7.452992890400000033e+04 7.452394260225714243e+04 3.834144000000037522e+00 5.000000000000000104e-03
2.400000000000000000e+01 2.395000000000000018e+00 5.000000000000000000e+05 -7.093021840000000111e+02 5.077291615679999813e+05 4.619573340830102097e+03 -3.070819999999999883e+00 2.342934360000000140e+02 7.102262300000000687e+04 7.101319306452760065e+04 4.617351999999983470e+00 5.000000000000000104e-03
2.400000000000000000e+01 2.399999999999999911e+00 5.000000000000000000e+05 -7.055110799999999927e+02 5.023011136319999932e+05 4.555229629233595915e+03 7.195479999999998544e-01 2.296409480000000087e+02 6.868940725600000587e+04 6.868888950667569588e+04 3.791104000000018459e+00 5.000000000000000104e-03
2.400000000000000000e+01 2.404999999999999805e+00 5.000000000000000000e+05 -7.016943119999999681e+02 4.968723506879999768e+05 4.497443194846680854e+03 4.347639999999998728e-01 2.251559320000000071e+02 6.642918597599999339e+04 6.642899695626429457e+04 0.000000000000000000e+00 5.000000000000000104e-03
2.400000000000000000e+01 2.410000000000000142e+00 5.000000000000000000e+05 -6.977917439999999942e+02 4.913409644160000025e+05 4.427646421438490506e+03 -1.590327999999999964e+00 2.204539519999999868e+02 6.407246140800000285e+04 6.406993226485241757e+04 3.902567999999973392e+00 5.000000000000000104e-03
2.400000000000000000e+01 2.415000000000000036e+00 5.000000000000000000e+05 -6.939599120000000312e+02 4.859171622719999868e+05 4.336802808952226769e+03 2.936011999999999844e+00 2.150205159999999864e+02 6.144603709600000002e+04 6.143741692953585880e+04 3.831831999999963045e+00 5.000000000000000104e-03
2.400000000000000000e+01 2.419999999999999929e+00 5.000000000000000000e+05 -6.904299839999999904e+02 4.809380161279999884e+05 4.244453321759763639e+03 3.563199999999999701e-02 2.105534959999999955e+02 5.923843689599999925e+04 5.923843562636056595e+04 3.529928000000040811e+00 5.000000000000000104e-03
2.400000000000000000e+01 2.424999999999999822e+00 5.000000000000000000e+05 -6.870641120000000228e+02 4.762733562239999883e+05 4.216262225651415065e+03 -6.742479999999998475e-01 2.069480399999999918e+02 5.751351728000000003e+04 5.751306266963449889e+04 3.365871999999968001e+00 5.000000000000000104e-03
2.400000000000000000e+01 2.430000000000000160e+00 5.000000000000000000e+05 -6.832282719999999472e+02 4.709400344320000149e+05 4.139162771894129946e+03 7.729840000000000044e-01 2.018532960000000003e+02 5.514279164799999853e+04 5.514219414373575273e+04 3.835840000000076078e+00 5.000000000000000104e-03
2.400000000000000000e+01 2.435000000000000053e+00 5.000000000000000000e+05 -6.797258880000000545e+02 4.660939223040000070e+05 4.066639486611412849e+03 9.248720000000000274e-01 1.974111599999999953e+02 5.308820086399999855e+04 5.308734547578361526e+04 3.502383999999892694e+00 5.000000000000000104e-03
2.400000000000000000e+01 2.439999999999999947e+00 5.000000000000000000e+05 -6.762863839999999982e+02 4.613516365440000081e+05 3.988363360204559285e+03 -1.679972000000000021e+00 1.930881239999999934e+02 5.111337680800000089e+04 5.111055450207921240e+04 3.439504000000056294e+00 5.000000000000000104e-03
2.400000000000000000e+01 2.444999999999999840e+00 5.000000000000000000e+05 -6.730860480000000052e+02 4.569877128960000118e+05 3.942884883741673548e+03 -4.092319999999998736e-01 1.901343039999999860e+02 4.966195079999999871e+04 4.966178332917017542e+04 3.200335999999992964e+00 5.000000000000000104e-03
2.400000000000000000e+01 2.450000000000000178e+00 5.000000000000000000e+05 -6.698406320000000278e+02 4.525730917439999757e+05 3.886619465840514295e+03 1.592484000000000011e+00 1.860037560000000099e+02 4.787245346399999835e+04 4.786991745870974410e+04 3.245415999999976986e+00 5.000000000000000104e-03
2.400000000000000000e+01 2.455000000000000071e+00 5.000000000000000000e+05 -6.665083680000000186e+02 4.480495185279999860e+05 3.816113913976528693e+03 2.007655999999999885e+00 1.821533119999999997e+02 4.617066862399999809e+04 4.616663794138566300e+04 0.000000000000000000e+00 5.000000000000000104e-03
2.400000000000000000e+01 2.459999999999999964e+00 5.000000000000000000e+05 -6.634737840000000233e+02 4.439708244800000102e+05 3.773362424721300613e+03 1.368719999999999937e+00 1.789661680000000104e+02 4.473321065600000293e+04 4.473133726156160265e+04 3.034583999999995729e+00 5.000000000000000104e-03
2.400000000000000000e+01 2.464999999999999858e+00 5.000000000000000000e+05 -6.605462079999999787e+02 4.400357769599999883e+05 3.714484056820744172e+03 -1.448299999999999921e+00 1.757939000000000078e+02 4.334405143200000020e+04 4.334195385910999903e+04 2.927576000000044587e+00 5.000000000000000104e-03
2.400000000000000000e+01 2.470000000000000195e+00 5.000000000000000000e+05 -6.575035120000000006e+02 4.359795127360000042e+05 3.668644443665863946e+03 5.109639999999998627e-01 1.725054680000000076e+02 4.190914943199999834e+04 4.190888834779070748e+04 3.042695999999978085e+00 5.000000000000000104e-03
2.400000000000000000e+01 2.475000000000000089e+00 5.000000000000000000e+05 -6.544675919999999678e+02 4.319317284799999907e+05 3.603899501721548859e+03 1.278400000000000092e-01 1.694535679999999900e+02 4.060297200000000157e+04 4.060295565693439858e+04 3.035920000000032815e+00 5.000000000000000104e-03
2.400000000000000000e+01 2.479999999999999982e+00 5.000000000000000000e+05 -6.514259759999999915e+02 4.279090326079999795e+05 3.553230400447442662e+03 1.144076000000000093e+00 1.660005480000000091e+02 3.913485082400000101e+04 3.913354191410622298e+04 3.041615999999976339e+00 5.000000000000000104e-03
2.400000000000000000e+01 2.484999999999999876e+00 5.000000000000000000e+05 -6.484028080000000500e+02 4.239262228800000157e+05 3.500021457715076394e+03 -4.129360000000000253e-01 1.624092719999999872e+02 3.767809369600000355e+04 3.767792317985991394e+04 3.023167999999941014e+00 5.000000000000000104e-03
2.400000000000000000e+01 2.490000000000000213e+00 5.000000000000000000e+05 -6.457057119999999486e+02 4.203974744959999807e+05 3.461607986573129438e+03 -8.283479999999998622e-01 1.601658679999999890e+02 3.671989274399999704e+04 3.671920658359089430e+04 2.697096000000101412e+00 5.000000000000000104e-03
2.400000000000000000e+01 2.495000000000000107e+00 5.000000000000000000e+05 -6.431229919999999538e+02 4.170425859199999832e+05 3.435403080967952974e+03 -2.721959999999998825e-01 1.576912120000000073e+02 3.570567088800000056e+04 3.570559679733758094e+04 2.582719999999994798e+00 5.000000000000000104e-03
2.400000000000000000e+01 2.500000000000000000e+00 5.000000000000000000e+05 -6.403036399999999730e+02 4.133632050879999879e+05 3.374453690750407986e+03 1.596519999999999051e-01 1.549531959999999913e+02 3.460177795999999944e+04 3.460175247123889858e+04 2.819351999999980762e+00 5.000000000000000104e-03
2.400000000000000000e+01 2.549999999999999822e+00 5.000000000000000000e+05 -6.152254080000000158e+02 3.815570402560000075e+05 3.054737607233517338e+03 -8.883240000000000025e-01 1.326052679999999953e+02 2.601715586400000029e+04 2.601636674447102268e+04 0.000000000000000000e+00 5.000000000000000278e-02
2.400000000000000000e+01 2.600000000000000089e+00 5.000000000000000000e+05 -5.930869840000000295e+02 3.545749977279999875e+05 2.822827137783693615e+03 -7.954799999999997984e-02 1.168150679999999966e+02 2.050611178400000063e+04 2.050610545611569614e+04 2.213842399999998278e+01 5.000000000000000278e-02
2.400000000000000000e+01 2.649999999999999911e+00 5.000000000000000000e+05 -5.733181200000000217e+02 3.313368484160000226e+05 2.643181695665582083e+03 5.992399999999998839e-01 1.046762879999999996e+02 1.664931057599999986e+04 1.664895148742240053e+04 1.976886400000000776e+01 5.000000000000000278e-02
2.400000000000000000e+01 2.700000000000000178e+00 5.000000000000000000e+05 -5.551454559999999674e+02 3.107111761280000210e+05 2.524698810552130453e+03 -4.872400000000000342e-02 9.529752399999999568e+01 1.388694309600000088e+04 1.388694072197182322e+04 1.817266400000005078e+01 5.000000000000000278e-02
2.400000000000000000e+01 2.750000000000000000e+00 5.000000000000000000e+05 -5.384424080000000004e+02 2.923365956800000276e+05 2.416368947161536198e+03 -1.678560000000000052e-01 8.760982400000000325e+01 1.180873358399999961e+04 1.180870540836326472e+04 1.670304799999996703e+01 5.000000000000000278e-02
2.400000000000000000e+01 2.799999999999999822e+00 5.000000000000000000e+05 -5.230418799999999919e+02 2.758999348159999936e+05 2.327126582065596722e+03 -1.729120000000000101e-01 8.172230399999997985e+01 1.029056443199999921e+04 1.029053453344025547e+04 1.540052800000000843e+01 5.000000000000000278e-02
2.400000000000000000e+01 2.850000000000000089e+00 5.000000000000000000e+05 -5.088128560000000107e+02 2.611509837119999866e+05 2.260461281123251410e+03 5.451199999999999796e-02 7.661582400000000348e+01 9.082015855999999985e+03 9.082012884441857750e+03 1.422902399999997947e+01 5.000000000000000278e-02
2.400000000000000000e+01 2.899999999999999911e+00 5.000000000000000000e+05 -4.952548479999999813e+02 2.474708444160000072e+05 2.193479948496912129e+03 3.651519999999999211e-01 7.237164799999997911e+01 8.125598976000000221e+03 8.125465640016896032e+03 1.355800800000002759e+01 5.000000000000000278e-02
2.400000000000000000e+01 2.950000000000000178e+00 5.000000000000000000e+05 -4.827348160000000235e+02 2.351640021119999874e+05 2.131099533446104033e+03 6.776000000000000079e-02 6.877879199999999571e+01 7.348363008000000264e+03 7.348358416582400423e+03 1.252003199999995786e+01 5.000000000000000278e-02
2.400000000000000000e+01 3.000000000000000000e+00 5.000000000000000000e+05 -4.708326959999999985e+02 2.237629385279999988e+05 2.079510905371571425e+03 -1.647520000000000095e-01 6.544588000000000250e+01 6.659150751999999557e+03 6.659123608778496418e+03 1.190212000000002313e+01 5.000000000000000278e-02


3.600000000000000000e+01 1.550000000000000044e+00 5.000000000000000000e+05 -2.514872703999999885e+03 6.325294371712000109e+06 7.096543877292424440e+02 5.097469600000000156e+01 1.274413727999999992e+03 1.624198948784000007e+06 1.621600529151707655e+06 0.000000000000000000e+00 5.000000000000000278e-02
3.600000000000000000e+01 1.600000000000000089e+00 5.000000000000000000e+05 -2.498993935999999849e+03 6.245839849151999690e+06 8.691569872284306939e+02 6.349145200000000244e+01 1.269595763999999917e+03 1.611962511335999938e+06 1.607931346858931705e+06 1.587876800000003641e+01 5.000000000000000278e-02
3.600000000000000000e+01 1.649999999999999911e+00 5.000000000000000000e+05 -2.480900943999999981e+03 6.155928024703999981e+06 1.058530763909220695e+03 1.516584359999999947e+02 1.263928499999999985e+03 1.597632070535999956e+06 1.574631789326033788e+06 1.809299199999986740e+01 5.000000000000000278e-02
3.600000000000000000e+01 1.699999999999999956e+00 5.000000000000000000e+05 -2.460051080000000184e+03 6.053127326175999828e+06 1.276009966832585633e+03 1.131628999999999934e+02 1.257224715999999944e+03 1.580765816424000077e+06 1.567959974487589905e+06 2.084986399999980122e+01 5.000000000000000278e-02
3.600000000000000000e+01 2.004999999999999893e+00 5.000000000000000000e+05 -2.257432103999999981e+03 5.099823336352000013e+06 3.823632182133384049e+03 1.178997599999999935e+01 1.178811791999999969e+03 1.390640894655999960e+06 1.390501891121919500e+06 0.000000000000000000e+00 5.000000000000000104e-03
3.600000000000000000e+01 2.009999999999999787e+00 5.000000000000000000e+05 -2.252855575999999928e+03 5.079254147808000445e+06 3.895901493708603084e+03 5.886612399999999923e+01 1.176772564000000102e+03 1.385874466552000027e+06 1.382409245997216552e+06 4.576528000000052998e+00 5.000000000000000104e-03
3.600000000000000000e+01 2.015000000000000124e+00 5.000000000000000000e+05 -2.247924039999999877e+03 5.057127645151999779e+06 3.965155542078427970e+03 2.343330399999999969e+01 1.174481584000000112e+03 1.380532847407999914e+06 1.379983727671643486e+06 4.931536000000050990e+00 5.000000000000000104e-03
3.600000000000000000e+01 2.020000000000000018e+00 5.000000000000000000e+05 -2.242856319999999869e+03 5.034457128320000134e+06 4.052656156058423221e+03 1.173151840000000021e+02 1.172018919999999980e+03 1.374820871712000109e+06 1.361058019315046491e+06 5.067720000000008440e+00 5.000000000000000104e-03
3.600000000000000000e+01 2.024999999999999911e+00 5.000000000000000000e+05 -2.237807719999999790e+03 5.011886744672000408e+06 4.103352980403229594e+03 4.680308800000000247e+01 1.169651599999999917e+03 1.369319565087999916e+06 1.367129036041664192e+06 5.048600000000079469e+00 5.000000000000000104e-03
3.600000000000000000e+01 2.055000000000000160e+00 5.000000000000000000e+05 -2.206550360000000182e+03 4.873471490976000205e+06 4.606999759869650006e+03 6.921189599999999587e+01 1.154342143999999962e+03 1.334102487648000009e+06 1.329312201100085163e+06 0.000000000000000000e+00 5.000000000000000104e-03
3.600000000000000000e+01 2.060000000000000053e+00 5.000000000000000000e+05 -2.201020799999999781e+03 4.849186910848000087e+06 4.694348815361037850e+03 2.188038520000000062e+02 1.151431164000000081e+03 1.327475518968000077e+06 1.279600393317962065e+06 5.529560000000401487e+00 5.000000000000000104e-03
3.600000000000000000e+01 2.064999999999999947e+00 5.000000000000000000e+05 -2.195505103999999847e+03 4.825029277631999925e+06 4.786615941950120032e+03 -6.893188399999999660e+01 1.148548451999999997e+03 1.320943959032000042e+06 1.316192354400210315e+06 5.515695999999934429e+00 5.000000000000000104e-03
3.600000000000000000e+01 2.069999999999999840e+00 5.000000000000000000e+05 -2.189749511999999868e+03 4.799885679584000260e+06 4.882754279762506485e+03 -3.649237200000000314e+01 1.145569868000000042e+03 1.314234435175999999e+06 1.312902741961813532e+06 5.755591999999978725e+00 5.000000000000000104e-03
3.600000000000000000e+01 2.075000000000000178e+00 5.000000000000000000e+05 -2.183887335999999777e+03 4.774335749280000106e+06 4.971852938824333251e+03 7.982211200000000417e+01 1.142384583999999904e+03 1.307056514447999885e+06 1.300684944883859251e+06 5.862176000000089537e+00 5.000000000000000104e-03
3.600000000000000000e+01 2.104999999999999982e+00 5.000000000000000000e+05 -2.147696007999999892e+03 4.618227759072000161e+06 5.629616292865015566e+03 -7.055684399999999812e+01 1.122241076000000021e+03 1.262152830007999903e+06 1.257174561772759538e+06 0.000000000000000000e+00 5.000000000000000104e-03
3.600000000000000000e+01 2.109999999999999876e+00 5.000000000000000000e+05 -2.141357152000000042e+03 4.591132892032000236e+06 5.722439610448665917e+03 -8.943204000000000065e+01 1.118530439999999999e+03 1.253989560223999899e+06 1.245991470445438288e+06 6.338855999999850610e+00 5.000000000000000104e-03
3.600000000000000000e+01 2.115000000000000213e+00 5.000000000000000000e+05 -2.134967655999999806e+03 4.563940318687999621e+06 5.853426521865651011e+03 -5.576723599999999692e+01 1.114757820000000038e+03 1.245748032840000000e+06 1.242638048228920205e+06 6.389496000000235654e+00 5.000000000000000104e-03
3.600000000000000000e+01 2.120000000000000107e+00 5.000000000000000000e+05 -2.128512983999999960e+03 4.536529533408000134e+06 5.962010351415723562e+03 2.972400000000000042e-02 1.110839044000000058e+03 1.237216926487999968e+06 1.237216925604483811e+06 6.454671999999845866e+00 5.000000000000000104e-03
3.600000000000000000e+01 2.125000000000000000e+00 5.000000000000000000e+05 -2.121537624000000051e+03 4.507039546528000385e+06 6.117656480434351579e+03 1.661580240000000117e+02 1.106356808000000001e+03 1.227541841280000051e+06 1.199933352340415586e+06 6.975359999999909633e+00 5.000000000000000104e-03
3.600000000000000000e+01 2.205000000000000071e+00 5.000000000000000000e+05 -1.994949816000000055e+03 3.988930903775999788e+06 9.106135417565703392e+03 5.193094399999999666e+01 1.008176487999999949e+03 1.030915990096000023e+06 1.028219167151268804e+06 0.000000000000000000e+00 5.000000000000000104e-03
3.600000000000000000e+01 2.209999999999999964e+00 5.000000000000000000e+05 -1.985670687999999927e+03 3.952219110464000143e+06 9.331029281606895893e+03 -3.252208799999999655e+01 9.992450960000001032e+02 1.014634291823999956e+06 1.013576605616120156e+06 9.279128000000129717e+00 5.000000000000000104e-03
3.600000000000000000e+01 2.214999999999999858e+00 5.000000000000000000e+05 -1.976127480000000105e+03 3.914674606048000045e+06 9.594788836849389554e+03 1.836226800000000026e+01 9.895996520000001055e+02 9.971117455759999575e+05 9.967745726898959838e+05 9.543207999999822277e+00 5.000000000000000104e-03
3.600000000000000000e+01 2.220000000000000195e+00 5.000000000000000000e+05 -1.965606248000000051e+03 3.873515257375999819e+06 9.907335199362130879e+03 -4.670969999999999800e+01 9.777441000000000031e+02 9.763627917840000009e+05 9.741809957099100575e+05 1.052123200000005632e+01 5.000000000000000104e-03
3.600000000000000000e+01 2.225000000000000089e+00 5.000000000000000000e+05 -1.955418143999999984e+03 3.833836529792000074e+06 1.017641190759558231e+04 -1.061504000000000003e+00 9.673267200000000230e+02 9.577820932000000030e+05 9.577809664092579624e+05 1.018810400000006844e+01 5.000000000000000104e-03
3.600000000000000000e+01 2.229999999999999982e+00 5.000000000000000000e+05 -1.945541960000000017e+03 3.795602097440000158e+06 1.046857931935833767e+04 1.956328399999999945e+01 9.561940280000000030e+02 9.386781893039999995e+05 9.382954672231354052e+05 9.876183999999966545e+00 5.000000000000000104e-03
3.600000000000000000e+01 2.234999999999999876e+00 5.000000000000000000e+05 -1.934796464000000014e+03 3.754181575168000069e+06 1.074421806109650061e+04 1.908066000000000173e+01 9.438622520000000122e+02 9.175336436880000401e+05 9.171695721019644989e+05 1.074549600000000460e+01 5.000000000000000104e-03
3.600000000000000000e+01 2.240000000000000213e+00 5.000000000000000000e+05 -1.923646647999999914e+03 3.711537525408000220e+06 1.112109904636442843e+04 7.111808000000000618e+01 9.296394080000000031e+02 8.942362454719999805e+05 8.891784641691134311e+05 1.114981600000010076e+01 5.000000000000000104e-03
3.600000000000000000e+01 2.245000000000000107e+00 5.000000000000000000e+05 -1.912545280000000048e+03 3.669245525375999976e+06 1.141607732572127134e+04 -5.913878400000000113e+01 9.163635120000000143e+02 8.724767649280000478e+05 8.689793691550012445e+05 1.110136799999986579e+01 5.000000000000000104e-03
3.600000000000000000e+01 2.254999999999999893e+00 5.000000000000000000e+05 -1.889373728000000028e+03 3.581757797824000008e+06 1.202471376738185245e+04 2.967274000000000100e+01 8.838861960000000408e+02 8.220951034640000435e+05 8.212146319648924982e+05 0.000000000000000000e+00 5.000000000000000104e-03
3.600000000000000000e+01 2.259999999999999787e+00 5.000000000000000000e+05 -1.877313959999999952e+03 3.536614668192000128e+06 1.230696378111886042e+04 5.330784799999999990e+01 8.673978799999999865e+02 7.965534423520000419e+05 7.937117156936089741e+05 1.205976800000007643e+01 5.000000000000000104e-03
3.600000000000000000e+01 2.265000000000000124e+00 5.000000000000000000e+05 -1.865010631999999987e+03 3.490795167007999960e+06 1.253050953496061265e+04 1.802426000000000172e+01 8.491869719999998551e+02 7.691050254000000423e+05 7.687801514514525188e+05 1.230332799999996318e+01 5.000000000000000104e-03
3.600000000000000000e+01 2.270000000000000018e+00 5.000000000000000000e+05 -1.852878719999999930e+03 3.445894216384000145e+06 1.273466535516222757e+04 1.901541999999999888e+01 8.323351800000000367e+02 7.436890972720000427e+05 7.433275110742236720e+05 1.213191200000005665e+01 5.000000000000000104e-03
3.600000000000000000e+01 2.274999999999999911e+00 5.000000000000000000e+05 -1.840429127999999992e+03 3.400159452448000200e+06 1.298007725715963170e+04 6.571299999999999919e+00 8.129491799999998420e+02 7.154538237840000074e+05 7.154106418003099971e+05 1.244959199999994048e+01 5.000000000000000104e-03
3.600000000000000000e+01 2.305000000000000160e+00 5.000000000000000000e+05 -1.764538839999999936e+03 3.126935187679999974e+06 1.333786981145478785e+04 -5.775336000000000247e+00 6.880297040000000379e+02 5.459907136000000173e+05 5.459573590940871509e+05 0.000000000000000000e+00 5.000000000000000104e-03
3.600000000000000000e+01 2.310000000000000053e+00 5.000000000000000000e+05 -1.752143863999999894e+03 3.083261647456000093e+06 1.325352730314992368e+04 -7.711360000000000436e-01 6.675123839999999973e+02 5.193697974079999840e+05 5.193692027572694933e+05 1.239497600000004240e+01 5.000000000000000104e-03
3.600000000000000000e+01 2.314999999999999947e+00 5.000000000000000000e+05 -1.739567463999999973e+03 3.039258940832000226e+06 1.316397902460908335e+04 -1.297594400000000014e+01 6.446590320000000247e+02 4.913153832319999929e+05 4.911470081093087792e+05 1.257639999999991964e+01 5.000000000000000104e-03
3.600000000000000000e+01 2.319999999999999840e+00 5.000000000000000000e+05 -1.728038495999999896e+03 2.999116303743999917e+06 1.299926008605817151e+04 -7.613404000000000060e+00 6.254281399999999849e+02 4.676790727440000046e+05 4.676211088235328207e+05 1.152896800000007538e+01 5.000000000000000104e-03
3.600000000000000000e+01 2.325000000000000178e+00 5.000000000000000000e+05 -1.715767039999999952e+03 2.956718139200000092e+06 1.286160364963859138e+04 -1.626958399999999827e+01 6.039466159999999491e+02 4.421082709439999890e+05 4.418435715804668725e+05 1.227145599999994374e+01 5.000000000000000104e-03
3.600000000000000000e+01 2.354999999999999982e+00 5.000000000000000000e+05 -1.649164991999999984e+03 2.731091330560000148e+06 1.134615972163994047e+04 -3.522980000000000000e+00 4.892731079999999793e+02 3.116116579279999714e+05 3.115992465399195789e+05 0.000000000000000000e+00 5.000000000000000104e-03
3.600000000000000000e+01 2.359999999999999876e+00 5.000000000000000000e+05 -1.639039103999999952e+03 2.697558127871999983e+06 1.110894343087729249e+04 -1.746351999999999904e+00 4.723332879999999818e+02 2.938765486720000044e+05 2.938734989266920602e+05 1.012588800000003175e+01 5.000000000000000104e-03
3.600000000000000000e+01 2.365000000000000213e+00 5.000000000000000000e+05 -1.629891247999999905e+03 2.667416138431999832e+06 1.087065812500286847e+04 9.700215999999999283e+00 4.596250959999999850e+02 2.799874152319999994e+05 2.798933210415533395e+05 9.147856000000048837e+00 5.000000000000000104e-03
3.600000000000000000e+01 2.370000000000000107e+00 5.000000000000000000e+05 -1.619872223999999960e+03 2.634551007999999914e+06 1.056498591329390183e+04 -5.219375999999999571e+00 4.429540160000000242e+02 2.628071128320000134e+05 2.627798709461706458e+05 1.001902399999994486e+01 5.000000000000000104e-03
3.600000000000000000e+01 2.375000000000000000e+00 5.000000000000000000e+05 -1.610070024000000103e+03 2.602653200736000203e+06 1.032771855263924226e+04 1.365312000000000081e+00 4.269231199999999831e+02 2.470362133280000126e+05 2.470343492511426739e+05 9.802199999999855251e+00 5.000000000000000104e-03
3.600000000000000000e+01 2.404999999999999805e+00 5.000000000000000000e+05 -1.559215776000000005e+03 2.440264750847999938e+06 9.110914720717815726e+03 1.112759999999999971e+00 3.548105919999999855e+02 1.785426795360000106e+05 1.785414413011824072e+05 0.000000000000000000e+00 5.000000000000000104e-03
3.600000000000000000e+01 2.410000000000000142e+00 5.000000000000000000e+05 -1.551731215999999904e+03 2.416773703935999889e+06 8.903937227161601186e+03 -1.126764000000000099e+00 3.446111960000000067e+02 1.696097262160000100e+05 1.696084566188883036e+05 7.484560000000100466e+00 5.000000000000000104e-03
3.600000000000000000e+01 2.415000000000000036e+00 5.000000000000000000e+05 -1.543938231999999971e+03 2.392556466016000137e+06 8.811201784714592577e+03 -6.200715999999999894e+00 3.364487480000000232e+02 1.625736502800000017e+05 1.625352014010873390e+05 7.792983999999933076e+00 5.000000000000000104e-03
3.600000000000000000e+01 2.419999999999999929e+00 5.000000000000000000e+05 -1.536691015999999991e+03 2.370011951648000162e+06 8.592672992887904911e+03 -5.138359999999998484e-01 3.273143880000000081e+02 1.543416541039999865e+05 1.543413900765650906e+05 7.247215999999981229e+00 5.000000000000000104e-03
3.600000000000000000e+01 2.424999999999999822e+00 5.000000000000000000e+05 -1.529520183999999972e+03 2.347893425375999883e+06 8.461432112606242299e+03 -7.374824000000000268e+00 3.194541199999999890e+02 1.477302969760000124e+05 1.476759089469690225e+05 7.170832000000018525e+00 5.000000000000000104e-03
3.600000000000000000e+01 2.455000000000000071e+00 5.000000000000000000e+05 -1.488529984000000013e+03 2.223521732096000109e+06 7.800218828959856182e+03 -1.160223999999999922e+00 2.757797760000000267e+02 1.127694409600000072e+05 1.127680948402698414e+05 0.000000000000000000e+00 5.000000000000000104e-03
3.600000000000000000e+01 2.459999999999999964e+00 5.000000000000000000e+05 -1.482333104000000048e+03 2.205011740352000110e+06 7.700309137725270375e+03 -1.726847999999999939e+00 2.711316719999999805e+02 1.091497156799999939e+05 1.091467336759848840e+05 6.196879999999964639e+00 5.000000000000000104e-03
3.600000000000000000e+01 2.464999999999999858e+00 5.000000000000000000e+05 -1.475669583999999986e+03 2.185209646079999860e+06 7.608924937266856432e+03 2.189383999999999997e+00 2.635973200000000247e+02 1.037856787679999979e+05 1.037808853657005384e+05 6.663520000000062282e+00 5.000000000000000104e-03
3.600000000000000000e+01 2.470000000000000195e+00 5.000000000000000000e+05 -1.469643223999999918e+03 2.167368364000000060e+06 7.517158150886185467e+03 1.239023999999999903e+00 2.590768400000000042e+02 1.002609362240000046e+05 1.002594010435274249e+05 6.026360000000067885e+00 5.000000000000000104e-03
3.600000000000000000e+01 2.475000000000000089e+00 5.000000000000000000e+05 -1.463526511999999911e+03 2.149345597759999800e+06 7.435746433113700732e+03 2.182840000000000114e+00 2.537600480000000118e+02 9.651065595200000098e+04 9.650589116153439682e+04 6.116712000000006810e+00 5.000000000000000104e-03
3.600000000000000000e+01 2.479999999999999982e+00 5.000000000000000000e+05 -1.457472383999999920e+03 2.131594262784000020e+06 7.368512661356943681e+03 -1.510680000000000078e-01 2.487346919999999955e+02 9.290993391199999314e+04 9.290991109045936901e+04 6.054127999999992404e+00 5.000000000000000104e-03
3.600000000000000000e+01 2.549999999999999822e+00 5.000000000000000000e+05 -1.380885616000000027e+03 1.913396147775999969e+06 6.551063300300389528e+03 6.918560000000000265e-01 1.976340160000000026e+02 5.975448209599999973e+04 5.975400343127526139e+04 0.000000000000000000e+00 5.000000000000000278e-02
3.600000000000000000e+01 2.600000000000000089e+00 5.000000000000000000e+05 -1.332675111999999899e+03 1.782213680288000032e+06 6.190726143787847832e+03 -1.895999999999999075e-01 1.730660080000000107e+02 4.621363641600000119e+04 4.621360046783999860e+04 4.821050400000012814e+01 5.000000000000000278e-02
3.600000000000000000e+01 2.649999999999999911e+00 5.000000000000000000e+05 -1.289074303999999984e+03 1.667584305664000101e+06 5.871744430915684461e+03 4.365919999999999246e-01 1.562184000000000026e+02 3.773321292800000083e+04 3.773302231542553636e+04 4.360080799999992252e+01 5.000000000000000278e-02
3.600000000000000000e+01 2.700000000000000178e+00 5.000000000000000000e+05 -1.248621063999999933e+03 1.564679707679999992e+06 5.625146215507993475e+03 3.034760000000000235e-01 1.420347720000000038e+02 3.130444848800000182e+04 3.130435639031742539e+04 4.045324000000005071e+01 5.000000000000000278e-02
3.600000000000000000e+01 2.750000000000000000e+00 5.000000000000000000e+05 -1.211581631999999900e+03 1.473339861695999978e+06 5.409810696216765791e+03 2.124280000000000057e-01 1.309384279999999876e+02 2.670503815200000099e+04 2.670499302634481501e+04 3.703943200000003344e+01 5.000000000000000278e-02
3.600000000000000000e+01 2.799999999999999822e+00 5.000000000000000000e+05 -1.176870703999999932e+03 1.390271666048000101e+06 5.247012114544631913e+03 -2.194639999999999092e-01 1.218665120000000002e+02 2.316128350399999908e+04 2.316123533955270250e+04 3.471092799999996714e+01 5.000000000000000278e-02








